1.0
1.0
1.0
1.0
1.0
1.0
1.0
1.0
0.8888888888888888
0.9
0.9090909090909091
0.9166666666666666
0.8461538461538461
0.8571428571428571
0.8666666666666667
0.8125
0.8235294117647058
0.8333333333333334
0.8421052631578947
0.8
0.7619047619047619
0.7727272727272727
0.782608695652174
0.75
0.72
0.7307692307692307
0.7407407407407407
0.75
0.7586206896551724
0.7666666666666667
0.7741935483870968
0.78125
0.7878787878787878
0.7647058823529411
0.7714285714285715
0.7777777777777778
0.7837837837837838
0.7894736842105263
0.7948717948717948
0.8
0.7804878048780488
0.7619047619047619
0.7441860465116279
0.75
0.7555555555555555
0.7608695652173914
0.7659574468085106
0.75
0.7551020408163265
0.74
0.7254901960784313
0.7307692307692307
0.7358490566037735
0.7407407407407407
0.7272727272727273
0.7321428571428571
0.7368421052631579
0.7413793103448276
0.7288135593220338
0.7166666666666667
0.7213114754098361
0.7096774193548387
0.6984126984126984
0.6875
0.6923076923076923
0.696969696969697
0.6865671641791045
0.6764705882352942
0.6666666666666666
0.6571428571428571
0.647887323943662
0.6527777777777778
0.6438356164383562
0.6351351351351351
0.6266666666666667
0.618421052631579
0.6103896103896104
0.6025641025641025
0.5949367088607594
0.5875
0.5802469135802469
0.573170731707317
0.5783132530120482
0.5714285714285714
0.5647058823529412
0.5581395348837209
0.5517241379310345
0.5454545454545454
0.5393258426966292
0.5333333333333333
0.5274725274725275
0.5217391304347826
0.5161290322580645
0.5106382978723404
0.5052631578947369
0.5
0.4948453608247423
0.4897959183673469
0.48484848484848486
0.48
0.4752475247524752
0.4803921568627451
0.47572815533980584
0.47115384615384615
0.4666666666666667
0.46226415094339623
0.45794392523364486
0.4537037037037037
0.45871559633027525
0.45454545454545453
0.45045045045045046
0.44642857142857145
0.45132743362831856
0.4473684210526316
0.45217391304347826
0.4482758620689655
0.4444444444444444
0.4406779661016949
0.4369747899159664
0.43333333333333335
0.4297520661157025
0.4262295081967213
0.42276422764227645
0.41935483870967744
0.424
0.42063492063492064
0.41732283464566927
0.4140625
0.4108527131782946
0.4076923076923077
0.40458015267175573
0.4015151515151515
0.39849624060150374
0.40298507462686567
0.4
0.39705882352941174
0.39416058394160586
0.391304347826087
0.38848920863309355
0.38571428571428573
0.3829787234042553
0.38028169014084506
0.3776223776223776
0.375
0.3724137931034483
0.3698630136986301
0.3673469387755102
0.36486486486486486
0.3624161073825503
0.36
0.3576158940397351
0.35526315789473684
0.35294117647058826
0.35064935064935066
0.34838709677419355
0.34615384615384615
0.34394904458598724
0.34177215189873417
0.33962264150943394
0.3375
0.33540372670807456
0.3333333333333333
0.3312883435582822
0.32926829268292684
0.32727272727272727
0.3253012048192771
0.32335329341317365
0.32142857142857145
0.31952662721893493
0.3176470588235294
0.3157894736842105
0.313953488372093
0.31213872832369943
0.3103448275862069
0.30857142857142855
0.3068181818181818
0.3050847457627119
0.30337078651685395
0.3016759776536313
0.3
0.2983425414364641
0.2967032967032967
0.29508196721311475
0.29891304347826086
0.2972972972972973
0.2956989247311828
0.29411764705882354
0.2925531914893617
0.291005291005291
0.2894736842105263
0.2879581151832461
0.2916666666666667
0.29015544041450775
0.28865979381443296
0.28717948717948716
0.2857142857142857
0.28426395939086296
0.2828282828282828
0.2814070351758794
0.28
0.27860696517412936
0.27722772277227725
0.27586206896551724
0.27450980392156865
0.2780487804878049
0.2766990291262136
0.2753623188405797
0.27403846153846156
0.2727272727272727
0.2714285714285714
0.27488151658767773
0.27358490566037735
0.27230046948356806
0.27102803738317754
0.26976744186046514
0.26851851851851855
0.2672811059907834
0.26605504587155965
0.2648401826484018
0.2636363636363636
0.26244343891402716
0.26126126126126126
0.2600896860986547
0.25892857142857145
0.2577777777777778
0.25663716814159293
0.2555066079295154
0.2543859649122807
0.25327510917030566
0.25217391304347825
0.2510822510822511
0.25
0.24892703862660945
0.24786324786324787
0.24680851063829787
0.2457627118644068
0.24472573839662448
0.24369747899159663
0.24267782426778242
0.24166666666666667
0.24066390041493776
0.2396694214876033
0.23868312757201646
0.23770491803278687
0.23673469387755103
0.23577235772357724
0.23481781376518218
0.23387096774193547
0.23293172690763053
0.232
0.23107569721115537
0.23015873015873015
0.22924901185770752
0.2283464566929134
0.22745098039215686
0.2265625
0.22568093385214008
0.2248062015503876
0.22393822393822393
0.2230769230769231
0.2222222222222222
0.22137404580152673
0.22053231939163498
0.2196969696969697
0.2188679245283019
0.21804511278195488
0.21722846441947566
0.21641791044776118
0.21561338289962825
0.21481481481481482
0.2140221402214022
0.21323529411764705
0.21611721611721613
0.21532846715328466
0.21454545454545454
0.213768115942029
0.21299638989169675
0.21223021582733814
0.2114695340501792
0.21071428571428572
0.2099644128113879
0.20921985815602837
0.20848056537102475
0.20774647887323944
0.20701754385964913
0.2062937062937063
0.20557491289198607
0.2048611111111111
0.2041522491349481
0.20344827586206896
0.2027491408934708
0.20205479452054795
0.20136518771331058
0.20068027210884354
0.2
0.19932432432432431
0.19865319865319866
0.19798657718120805
0.19732441471571907
0.19666666666666666
0.19601328903654486
0.19536423841059603
0.19471947194719472
0.19407894736842105
0.19344262295081968
0.19281045751633988
0.19218241042345277
0.19155844155844157
0.19093851132686085
0.19032258064516128
0.18971061093247588
0.1891025641025641
0.18849840255591055
0.18789808917197454
0.1873015873015873
0.18670886075949367
0.1861198738170347
0.18553459119496854
0.18495297805642633
0.184375
0.1838006230529595
0.18322981366459629
0.1826625386996904
0.18209876543209877
0.18153846153846154
0.18098159509202455
0.18042813455657492
0.1798780487804878
0.17933130699088146
0.1787878787878788
0.1782477341389728
0.17771084337349397
0.17717717717717718
0.17664670658682635
0.1761194029850746
0.17559523809523808
0.17507418397626112
0.17455621301775148
0.17404129793510326
0.17352941176470588
0.17302052785923755
0.17251461988304093
0.17201166180758018
0.17151162790697674
0.17101449275362318
0.17052023121387283
0.17002881844380405
0.16954022988505746
0.16905444126074498
0.16857142857142857
0.16809116809116809
0.16761363636363635
0.1671388101983003
0.16666666666666666
0.16619718309859155
0.16573033707865167
0.16526610644257703
0.164804469273743
0.16434540389972144
0.1638888888888889
0.1634349030470914
0.16298342541436464
0.162534435261708
0.1620879120879121
0.16164383561643836
0.16120218579234974
0.16076294277929154
0.16032608695652173
0.15989159891598917
0.15945945945945947
0.15902964959568733
0.1586021505376344
0.1581769436997319
0.15775401069518716
0.15733333333333333
0.15691489361702127
0.15649867374005305
0.15608465608465608
0.15567282321899736
0.15526315789473685
0.15485564304461943
0.1544502617801047
0.15404699738903394
0.15364583333333334
0.15324675324675324
0.15284974093264247
0.1524547803617571
0.15206185567010308
0.15167095115681234
0.15128205128205127
0.15089514066496162
0.15051020408163265
0.15012722646310434
0.14974619289340102
0.14936708860759493
0.14898989898989898
0.1486146095717884
0.14824120603015076
0.14786967418546365
0.1475
0.14713216957605985
0.14676616915422885
0.14640198511166252
0.14603960396039603
0.145679012345679
0.14532019704433496
0.14496314496314497
0.14460784313725492
0.14425427872860636
0.14390243902439023
0.1435523114355231
0.14320388349514562
0.14285714285714285
0.14251207729468598
0.14216867469879518
0.14182692307692307
0.14148681055155876
0.14114832535885166
0.14081145584725538
0.14047619047619048
0.14014251781472684
0.13981042654028436
0.13947990543735225
0.1391509433962264
0.1388235294117647
0.13849765258215962
0.13817330210772832
0.1378504672897196
0.13752913752913754
0.1372093023255814
0.1368909512761021
0.13657407407407407
0.13625866050808313
0.1359447004608295
0.135632183908046
0.1353211009174312
0.13501144164759726
0.13470319634703196
0.13439635535307518
0.1340909090909091
0.13378684807256236
0.1334841628959276
0.13318284424379231
0.13288288288288289
0.13258426966292136
0.13228699551569506
0.1319910514541387
0.13169642857142858
0.13140311804008908
0.13111111111111112
0.13082039911308205
0.13053097345132744
0.13024282560706402
0.1299559471365639
0.12967032967032968
0.12938596491228072
0.12910284463894967
0.12882096069868995
0.12854030501089325
0.1282608695652174
0.1279826464208243
0.1277056277056277
0.12742980561555076
0.1271551724137931
0.12688172043010754
0.12660944206008584
0.12633832976445397
0.12606837606837606
0.1257995735607676
0.125531914893617
0.12526539278131635
0.125
0.12473572938689217
0.12447257383966245
0.12421052631578948
0.12394957983193278
0.12368972746331237
0.12343096234309624
0.12317327766179541
0.12291666666666666
0.12266112266112267
0.12240663900414937
0.12215320910973085
0.12190082644628099
0.12164948453608247
0.12139917695473251
0.12114989733059549
0.12090163934426229
0.12065439672801637
0.12040816326530612
0.12016293279022404
0.11991869918699187
0.11967545638945233
0.1194331983805668
0.1191919191919192
0.11895161290322581
0.11871227364185111
0.11847389558232932
0.11823647294589178
0.118
0.11776447105788423
0.11752988047808766
0.1172962226640159
0.11706349206349206
0.11683168316831684
0.116600790513834
0.11637080867850098
0.11614173228346457
0.11591355599214145
0.11568627450980393
0.11545988258317025
0.115234375
0.11500974658869395
0.11478599221789883
0.1145631067961165
0.11434108527131782
0.11411992263056092
0.1138996138996139
0.11368015414258188
0.11346153846153846
0.11324376199616124
0.11302681992337164
0.11281070745697896
0.11259541984732824
0.11238095238095239
0.11216730038022814
0.11195445920303605
0.11174242424242424
0.11153119092627599
0.11132075471698114
0.1111111111111111
0.11090225563909774
0.11069418386491557
0.1104868913857678
0.1102803738317757
0.11007462686567164
0.10986964618249534
0.10966542750929369
0.10946196660482375
0.10925925925925926
0.10905730129390019
0.1088560885608856
0.10865561694290976
0.10845588235294118
0.10825688073394496
0.10805860805860806
0.10786106032906764
0.10766423357664233
0.10746812386156648
0.10727272727272727
0.10707803992740472
0.1068840579710145
0.10669077757685352
0.10649819494584838
0.1063063063063063
0.10611510791366907
0.1059245960502693
0.1057347670250896
0.10554561717352415
0.10535714285714286
0.1051693404634581
0.10498220640569395
0.10479573712255773
0.10460992907801418
0.10442477876106195
0.10424028268551237
0.10405643738977072
0.10387323943661972
0.10369068541300527
0.10350877192982456
0.10332749562171628
0.10314685314685315
0.10296684118673648
0.10278745644599303
0.10260869565217391
0.10243055555555555
0.1022530329289428
0.10207612456747404
0.10189982728842832
0.10172413793103448
0.10154905335628227
0.1013745704467354
0.10120068610634649
0.10102739726027397
0.10085470085470086
0.10068259385665529
0.10051107325383304
0.10034013605442177
0.100169779286927
0.1
0.09983079526226735
0.09966216216216216
0.09949409780775717
0.09932659932659933
0.09915966386554621
0.09899328859060402
0.09882747068676717
0.09866220735785954
0.09849749582637729
0.09833333333333333
0.09816971713810316
0.09800664451827243
0.09950248756218906
0.09933774834437085
0.09917355371900827
0.09900990099009901
0.09884678747940692
0.09868421052631579
0.09852216748768473
0.09836065573770492
0.09819967266775777
0.09803921568627451
0.09787928221859707
0.09771986970684039
0.0975609756097561
0.09740259740259741
0.09724473257698542
0.0970873786407767
0.09693053311793215
0.0967741935483871
0.0966183574879227
0.09646302250803858
0.09630818619582665
0.09615384615384616
0.096
0.09584664536741214
0.09569377990430622
0.09554140127388536
0.09538950715421304
0.09523809523809523
0.09508716323296355
0.0949367088607595
0.0947867298578199
0.0946372239747634
0.09448818897637795
0.09433962264150944
0.09419152276295134
0.09404388714733543
0.09389671361502347
0.09375
0.093603744149766
0.09345794392523364
0.09331259720062209
0.09316770186335403
0.09302325581395349
0.09287925696594428
0.09273570324574962
0.09259259259259259
0.09244992295839753
0.09230769230769231
0.09216589861751152
0.09202453987730061
0.09188361408882083
0.09174311926605505
0.0916030534351145
0.09146341463414634
0.091324200913242
0.0911854103343465
0.09104704097116843
0.09090909090909091
0.0907715582450832
0.09063444108761329
0.09049773755656108
0.09036144578313253
0.09022556390977443
0.09009009009009009
0.08995502248875563
0.08982035928143713
0.08968609865470852
0.08955223880597014
0.08941877794336811
0.08928571428571429
0.08915304606240713
0.08902077151335312
0.08888888888888889
0.08875739644970414
0.08862629246676514
0.08849557522123894
0.08836524300441827
0.08823529411764706
0.0881057268722467
0.08797653958944282
0.08784773060029283
0.08771929824561403
0.08759124087591241
0.08746355685131195
0.08733624454148471
0.0872093023255814
0.08708272859216255
0.08695652173913043
0.08683068017366136
0.08670520231213873
0.08658008658008658
0.08645533141210375
0.08633093525179857
0.08620689655172414
0.08608321377331421
0.08595988538681948
0.08583690987124463
0.08571428571428572
0.08559201141226819
0.08547008547008547
0.08534850640113797
0.08522727272727272
0.0851063829787234
0.08498583569405099
0.08486562942008487
0.0847457627118644
0.0846262341325811
0.08450704225352113
0.08438818565400844
0.08426966292134831
0.08415147265077139
0.08403361344537816
0.08391608391608392
0.08379888268156424
0.08368200836820083
0.08356545961002786
0.08344923504867872
0.08333333333333333
0.08321775312066575
0.08310249307479224
0.08298755186721991
0.08287292817679558
0.08275862068965517
0.08264462809917356
0.08253094910591471
0.08241758241758242
0.0823045267489712
0.0821917808219178
0.08207934336525308
0.08196721311475409
0.08185538881309687
0.08174386920980926
0.08163265306122448
0.08152173913043478
0.0814111261872456
0.08130081300813008
0.08119079837618404
0.08108108108108109
0.08097165991902834
0.08086253369272237
0.08075370121130551
0.08064516129032258
0.08053691275167785
0.08042895442359249
0.08032128514056225
0.08021390374331551
0.0801068090787717
0.08
0.07989347536617843
0.0797872340425532
0.0796812749003984
0.07957559681697612
0.07947019867549669
0.07936507936507936
0.07926023778071334
0.079155672823219
0.07905138339920949
0.07894736842105263
0.07884362680683311
0.07874015748031496
0.07863695937090433
0.07853403141361257
0.0784313725490196
0.0783289817232376
0.07822685788787484
0.078125
0.07802340702210664
0.07792207792207792
0.07782101167315175
0.07772020725388601
0.07761966364812418
0.07751937984496124
0.07741935483870968
0.07731958762886598
0.07722007722007722
0.07712082262210797
0.07702182284980745
0.07692307692307693
0.07682458386683738
0.07672634271099744
0.07662835249042145
0.07653061224489796
0.07643312101910828
0.07633587786259542
0.07623888182973317
0.07614213197969544
0.07604562737642585
0.0759493670886076
0.07585335018963338
0.07575757575757576
0.07566204287515763
0.07556675062972293
0.07547169811320754
0.07537688442211055
0.07528230865746549
0.07518796992481203
0.07509386733416772
0.075
0.0749063670411985
0.07481296758104738
0.074719800747198
0.07462686567164178
0.07453416149068323
0.07444168734491315
0.07434944237918216
0.07425742574257425
0.07416563658838071
0.07407407407407407
0.07398273736128237
0.07389162561576355
0.07380073800738007
0.07371007371007371
0.0736196319018405
0.07352941176470588
0.07343941248470012
0.07334963325183375
0.07326007326007326
0.07317073170731707
0.0730816077953715
0.072992700729927
0.07290400972053462
0.07281553398058252
0.07272727272727272
0.07263922518159806
0.07255139056831923
0.07246376811594203
0.07237635705669482
0.07228915662650602
0.07220216606498195
0.07211538461538461
0.07202881152460984
0.07194244604316546
0.0718562874251497
0.07177033492822966
0.07168458781362007
0.07159904534606205
0.07151370679380215
0.07142857142857142
0.0713436385255648
0.07125890736342043
0.0711743772241993
0.07109004739336493
0.07100591715976332
0.07092198581560284
0.07083825265643448
0.07075471698113207
0.0706713780918728
0.07058823529411765
0.07050528789659224
0.07042253521126761
0.07033997655334115
0.0702576112412178
0.07017543859649122
0.07009345794392523
0.07001166861143523
0.06993006993006994
0.06984866123399301
0.06976744186046512
0.06968641114982578
0.06960556844547564
0.06952491309385864
0.06944444444444445
0.06936416184971098
0.06928406466512702
0.06920415224913495
0.06912442396313365
0.06904487917146145
0.06896551724137931
0.06888633754305395
0.06880733944954129
0.06872852233676977
0.06864988558352403
0.06857142857142857
0.0684931506849315
0.06841505131128849
0.0683371298405467
0.06825938566552901
0.06818181818181818
0.0681044267877412
0.06802721088435375
0.06795016987542468
0.06787330316742081
0.06779661016949153
0.06772009029345373
0.06764374295377677
0.06756756756756757
0.06749156355455568
0.06741573033707865
0.06734006734006734
0.06726457399103139
0.0671892497200448
0.06711409395973154
0.0670391061452514
0.06696428571428571
0.06688963210702341
0.066815144766147
0.06674082313681869
0.06666666666666667
0.06659267480577137
0.06651884700665188
0.0664451827242525
0.06637168141592921
0.06629834254143646
0.06622516556291391
0.06615214994487321
0.06607929515418502
0.066006600660066
0.06593406593406594
0.06586169045005488
0.06578947368421052
0.06571741511500548
0.06564551422319474
0.06557377049180328
0.06550218340611354
0.06543075245365322
0.06535947712418301
0.06528835690968444
0.06521739130434782
0.06514657980456026
0.0650759219088937
0.06500541711809317
0.06493506493506493
0.06486486486486487
0.06479481641468683
0.06472491909385113
0.06465517241379311
0.06458557588805167
0.06451612903225806
0.0644468313641246
0.06437768240343347
0.06430868167202572
0.06423982869379015
0.06417112299465241
0.0641025641025641
0.064034151547492
0.06396588486140725
0.06389776357827476
0.06382978723404255
0.06376195536663125
0.06369426751592357
0.06362672322375397
0.0635593220338983
0.06349206349206349
0.06342494714587738
0.06335797254487856
0.06329113924050633
0.06322444678609063
0.06315789473684211
0.06309148264984227
0.06302521008403361
0.06295907660020986
0.06289308176100629
0.06282722513089005
0.06276150627615062
0.06269592476489028
0.06263048016701461
0.06256517205422316
0.0625
0.062434963579604576
0.062370062370062374
0.06230529595015576
0.06224066390041494
0.06217616580310881
0.062111801242236024
0.06204756980351603
0.06198347107438017
0.06191950464396285
0.061855670103092786
0.061791967044284246
0.06172839506172839
0.06166495375128469
0.061601642710472276
0.06153846153846154
0.06147540983606557
0.06141248720573183
0.06134969325153374
0.06128702757916241
0.061224489795918366
0.06116207951070336
0.06109979633401222
0.061037639877924724
0.06097560975609756
0.06091370558375635
0.060851926977687626
0.060790273556231005
0.06072874493927125
0.06066734074823053
0.06060606060606061
0.060544904137235116
0.06048387096774194
0.06042296072507553
0.060362173038229376
0.06030150753768844
0.060240963855421686
0.06018054162487462
0.06012024048096192
0.06006006006006006
0.06
0.012658227848101266
0.02531645569620253
0.0379746835443038
0.05063291139240506
0.06329113924050633
0.0759493670886076
0.08860759493670886
0.10126582278481013
0.10126582278481013
0.11392405063291139
0.12658227848101267
0.13924050632911392
0.13924050632911392
0.1518987341772152
0.16455696202531644
0.16455696202531644
0.17721518987341772
0.189873417721519
0.20253164556962025
0.20253164556962025
0.20253164556962025
0.21518987341772153
0.22784810126582278
0.22784810126582278
0.22784810126582278
0.24050632911392406
0.25316455696202533
0.26582278481012656
0.27848101265822783
0.2911392405063291
0.3037974683544304
0.31645569620253167
0.3291139240506329
0.3291139240506329
0.34177215189873417
0.35443037974683544
0.3670886075949367
0.379746835443038
0.3924050632911392
0.4050632911392405
0.4050632911392405
0.4050632911392405
0.4050632911392405
0.4177215189873418
0.43037974683544306
0.4430379746835443
0.45569620253164556
0.45569620253164556
0.46835443037974683
0.46835443037974683
0.46835443037974683
0.4810126582278481
0.4936708860759494
0.5063291139240507
0.5063291139240507
0.5189873417721519
0.5316455696202531
0.5443037974683544
0.5443037974683544
0.5443037974683544
0.5569620253164557
0.5569620253164557
0.5569620253164557
0.5569620253164557
0.569620253164557
0.5822784810126582
0.5822784810126582
0.5822784810126582
0.5822784810126582
0.5822784810126582
0.5822784810126582
0.5949367088607594
0.5949367088607594
0.5949367088607594
0.5949367088607594
0.5949367088607594
0.5949367088607594
0.5949367088607594
0.5949367088607594
0.5949367088607594
0.5949367088607594
0.5949367088607594
0.6075949367088608
0.6075949367088608
0.6075949367088608
0.6075949367088608
0.6075949367088608
0.6075949367088608
0.6075949367088608
0.6075949367088608
0.6075949367088608
0.6075949367088608
0.6075949367088608
0.6075949367088608
0.6075949367088608
0.6075949367088608
0.6075949367088608
0.6075949367088608
0.6075949367088608
0.6075949367088608
0.6075949367088608
0.620253164556962
0.620253164556962
0.620253164556962
0.620253164556962
0.620253164556962
0.620253164556962
0.620253164556962
0.6329113924050633
0.6329113924050633
0.6329113924050633
0.6329113924050633
0.6455696202531646
0.6455696202531646
0.6582278481012658
0.6582278481012658
0.6582278481012658
0.6582278481012658
0.6582278481012658
0.6582278481012658
0.6582278481012658
0.6582278481012658
0.6582278481012658
0.6582278481012658
0.6708860759493671
0.6708860759493671
0.6708860759493671
0.6708860759493671
0.6708860759493671
0.6708860759493671
0.6708860759493671
0.6708860759493671
0.6708860759493671
0.6835443037974683
0.6835443037974683
0.6835443037974683
0.6835443037974683
0.6835443037974683
0.6835443037974683
0.6835443037974683
0.6835443037974683
0.6835443037974683
0.6835443037974683
0.6835443037974683
0.6835443037974683
0.6835443037974683
0.6835443037974683
0.6835443037974683
0.6835443037974683
0.6835443037974683
0.6835443037974683
0.6835443037974683
0.6835443037974683
0.6835443037974683
0.6835443037974683
0.6835443037974683
0.6835443037974683
0.6835443037974683
0.6835443037974683
0.6835443037974683
0.6835443037974683
0.6835443037974683
0.6835443037974683
0.6835443037974683
0.6835443037974683
0.6835443037974683
0.6835443037974683
0.6835443037974683
0.6835443037974683
0.6835443037974683
0.6835443037974683
0.6835443037974683
0.6835443037974683
0.6835443037974683
0.6835443037974683
0.6835443037974683
0.6835443037974683
0.6835443037974683
0.6835443037974683
0.6835443037974683
0.6835443037974683
0.6835443037974683
0.6835443037974683
0.6962025316455697
0.6962025316455697
0.6962025316455697
0.6962025316455697
0.6962025316455697
0.6962025316455697
0.6962025316455697
0.6962025316455697
0.7088607594936709
0.7088607594936709
0.7088607594936709
0.7088607594936709
0.7088607594936709
0.7088607594936709
0.7088607594936709
0.7088607594936709
0.7088607594936709
0.7088607594936709
0.7088607594936709
0.7088607594936709
0.7088607594936709
0.7215189873417721
0.7215189873417721
0.7215189873417721
0.7215189873417721
0.7215189873417721
0.7215189873417721
0.7341772151898734
0.7341772151898734
0.7341772151898734
0.7341772151898734
0.7341772151898734
0.7341772151898734
0.7341772151898734
0.7341772151898734
0.7341772151898734
0.7341772151898734
0.7341772151898734
0.7341772151898734
0.7341772151898734
0.7341772151898734
0.7341772151898734
0.7341772151898734
0.7341772151898734
0.7341772151898734
0.7341772151898734
0.7341772151898734
0.7341772151898734
0.7341772151898734
0.7341772151898734
0.7341772151898734
0.7341772151898734
0.7341772151898734
0.7341772151898734
0.7341772151898734
0.7341772151898734
0.7341772151898734
0.7341772151898734
0.7341772151898734
0.7341772151898734
0.7341772151898734
0.7341772151898734
0.7341772151898734
0.7341772151898734
0.7341772151898734
0.7341772151898734
0.7341772151898734
0.7341772151898734
0.7341772151898734
0.7341772151898734
0.7341772151898734
0.7341772151898734
0.7341772151898734
0.7341772151898734
0.7341772151898734
0.7341772151898734
0.7341772151898734
0.7341772151898734
0.7341772151898734
0.7341772151898734
0.7341772151898734
0.7341772151898734
0.7341772151898734
0.7341772151898734
0.7341772151898734
0.7341772151898734
0.7341772151898734
0.7341772151898734
0.7341772151898734
0.7468354430379747
0.7468354430379747
0.7468354430379747
0.7468354430379747
0.7468354430379747
0.7468354430379747
0.7468354430379747
0.7468354430379747
0.7468354430379747
0.7468354430379747
0.7468354430379747
0.7468354430379747
0.7468354430379747
0.7468354430379747
0.7468354430379747
0.7468354430379747
0.7468354430379747
0.7468354430379747
0.7468354430379747
0.7468354430379747
0.7468354430379747
0.7468354430379747
0.7468354430379747
0.7468354430379747
0.7468354430379747
0.7468354430379747
0.7468354430379747
0.7468354430379747
0.7468354430379747
0.7468354430379747
0.7468354430379747
0.7468354430379747
0.7468354430379747
0.7468354430379747
0.7468354430379747
0.7468354430379747
0.7468354430379747
0.7468354430379747
0.7468354430379747
0.7468354430379747
0.7468354430379747
0.7468354430379747
0.7468354430379747
0.7468354430379747
0.7468354430379747
0.7468354430379747
0.7468354430379747
0.7468354430379747
0.7468354430379747
0.7468354430379747
0.7468354430379747
0.7468354430379747
0.7468354430379747
0.7468354430379747
0.7468354430379747
0.7468354430379747
0.7468354430379747
0.7468354430379747
0.7468354430379747
0.7468354430379747
0.7468354430379747
0.7468354430379747
0.7468354430379747
0.7468354430379747
0.7468354430379747
0.7468354430379747
0.7468354430379747
0.7468354430379747
0.7468354430379747
0.7468354430379747
0.7468354430379747
0.7468354430379747
0.7468354430379747
0.7468354430379747
0.7468354430379747
0.7468354430379747
0.7468354430379747
0.7468354430379747
0.7468354430379747
0.7468354430379747
0.7468354430379747
0.7468354430379747
0.7468354430379747
0.7468354430379747
0.7468354430379747
0.7468354430379747
0.7468354430379747
0.7468354430379747
0.7468354430379747
0.7468354430379747
0.7468354430379747
0.7468354430379747
0.7468354430379747
0.7468354430379747
0.7468354430379747
0.7468354430379747
0.7468354430379747
0.7468354430379747
0.7468354430379747
0.7468354430379747
0.7468354430379747
0.7468354430379747
0.7468354430379747
0.7468354430379747
0.7468354430379747
0.7468354430379747
0.7468354430379747
0.7468354430379747
0.7468354430379747
0.7468354430379747
0.7468354430379747
0.7468354430379747
0.7468354430379747
0.7468354430379747
0.7468354430379747
0.7468354430379747
0.7468354430379747
0.7468354430379747
0.7468354430379747
0.7468354430379747
0.7468354430379747
0.7468354430379747
0.7468354430379747
0.7468354430379747
0.7468354430379747
0.7468354430379747
0.7468354430379747
0.7468354430379747
0.7468354430379747
0.7468354430379747
0.7468354430379747
0.7468354430379747
0.7468354430379747
0.7468354430379747
0.7468354430379747
0.7468354430379747
0.7468354430379747
0.7468354430379747
0.7468354430379747
0.7468354430379747
0.7468354430379747
0.7468354430379747
0.7468354430379747
0.7468354430379747
0.7468354430379747
0.7468354430379747
0.7468354430379747
0.7468354430379747
0.7468354430379747
0.7468354430379747
0.7468354430379747
0.7468354430379747
0.7468354430379747
0.7468354430379747
0.7468354430379747
0.7468354430379747
0.7468354430379747
0.7468354430379747
0.7468354430379747
0.7468354430379747
0.7468354430379747
0.7468354430379747
0.7468354430379747
0.7468354430379747
0.7468354430379747
0.7468354430379747
0.7468354430379747
0.7468354430379747
0.7468354430379747
0.7468354430379747
0.7468354430379747
0.7468354430379747
0.7468354430379747
0.7468354430379747
0.7468354430379747
0.7468354430379747
0.7468354430379747
0.7468354430379747
0.7468354430379747
0.7468354430379747
0.7468354430379747
0.7468354430379747
0.7468354430379747
0.7468354430379747
0.7468354430379747
0.7468354430379747
0.7468354430379747
0.7468354430379747
0.7468354430379747
0.7468354430379747
0.7468354430379747
0.7468354430379747
0.7468354430379747
0.7468354430379747
0.7468354430379747
0.7468354430379747
0.7468354430379747
0.7468354430379747
0.7468354430379747
0.7468354430379747
0.7468354430379747
0.7468354430379747
0.7468354430379747
0.7468354430379747
0.7468354430379747
0.7468354430379747
0.7468354430379747
0.7468354430379747
0.7468354430379747
0.7468354430379747
0.7468354430379747
0.7468354430379747
0.7468354430379747
0.7468354430379747
0.7468354430379747
0.7468354430379747
0.7468354430379747
0.7468354430379747
0.7468354430379747
0.7468354430379747
0.7468354430379747
0.7468354430379747
0.7468354430379747
0.7468354430379747
0.7468354430379747
0.7468354430379747
0.7468354430379747
0.7468354430379747
0.7468354430379747
0.7468354430379747
0.7468354430379747
0.7468354430379747
0.7468354430379747
0.7468354430379747
0.7468354430379747
0.7468354430379747
0.7468354430379747
0.7468354430379747
0.7468354430379747
0.7468354430379747
0.7468354430379747
0.7468354430379747
0.7468354430379747
0.7468354430379747
0.7468354430379747
0.7468354430379747
0.7468354430379747
0.7468354430379747
0.7468354430379747
0.7468354430379747
0.7468354430379747
0.7468354430379747
0.7468354430379747
0.7468354430379747
0.7468354430379747
0.7468354430379747
0.7468354430379747
0.7468354430379747
0.7468354430379747
0.7468354430379747
0.7468354430379747
0.7468354430379747
0.7468354430379747
0.7468354430379747
0.7468354430379747
0.7468354430379747
0.7468354430379747
0.7468354430379747
0.7468354430379747
0.7468354430379747
0.7468354430379747
0.7468354430379747
0.7468354430379747
0.7468354430379747
0.7468354430379747
0.7468354430379747
0.7468354430379747
0.7468354430379747
0.7468354430379747
0.7468354430379747
0.7468354430379747
0.7468354430379747
0.7468354430379747
0.7468354430379747
0.7468354430379747
0.7468354430379747
0.7468354430379747
0.7468354430379747
0.7468354430379747
0.7468354430379747
0.7468354430379747
0.7468354430379747
0.7468354430379747
0.7468354430379747
0.7468354430379747
0.7468354430379747
0.7468354430379747
0.7468354430379747
0.7468354430379747
0.7468354430379747
0.7468354430379747
0.7468354430379747
0.7468354430379747
0.7468354430379747
0.7468354430379747
0.7468354430379747
0.7468354430379747
0.7468354430379747
0.7468354430379747
0.7468354430379747
0.7468354430379747
0.7468354430379747
0.7468354430379747
0.7468354430379747
0.7468354430379747
0.7468354430379747
0.7468354430379747
0.7468354430379747
0.7468354430379747
0.7468354430379747
0.7468354430379747
0.7468354430379747
0.7468354430379747
0.7468354430379747
0.7468354430379747
0.7468354430379747
0.7468354430379747
0.7468354430379747
0.7468354430379747
0.7468354430379747
0.759493670886076
0.759493670886076
0.759493670886076
0.759493670886076
0.759493670886076
0.759493670886076
0.759493670886076
0.759493670886076
0.759493670886076
0.759493670886076
0.759493670886076
0.759493670886076
0.759493670886076
0.759493670886076
0.759493670886076
0.759493670886076
0.759493670886076
0.759493670886076
0.759493670886076
0.759493670886076
0.759493670886076
0.759493670886076
0.759493670886076
0.759493670886076
0.759493670886076
0.759493670886076
0.759493670886076
0.759493670886076
0.759493670886076
0.759493670886076
0.759493670886076
0.759493670886076
0.759493670886076
0.759493670886076
0.759493670886076
0.759493670886076
0.759493670886076
0.759493670886076
0.759493670886076
0.759493670886076
0.759493670886076
0.759493670886076
0.759493670886076
0.759493670886076
0.759493670886076
0.759493670886076
0.759493670886076
0.759493670886076
0.759493670886076
0.759493670886076
0.759493670886076
0.759493670886076
0.759493670886076
0.759493670886076
0.759493670886076
0.759493670886076
0.759493670886076
0.759493670886076
0.759493670886076
0.759493670886076
0.759493670886076
0.759493670886076
0.759493670886076
0.759493670886076
0.759493670886076
0.759493670886076
0.759493670886076
0.759493670886076
0.759493670886076
0.759493670886076
0.759493670886076
0.759493670886076
0.759493670886076
0.759493670886076
0.759493670886076
0.759493670886076
0.759493670886076
0.759493670886076
0.759493670886076
0.759493670886076
0.759493670886076
0.759493670886076
0.759493670886076
0.759493670886076
0.759493670886076
0.759493670886076
0.759493670886076
0.759493670886076
0.759493670886076
0.759493670886076
0.759493670886076
0.759493670886076
0.759493670886076
0.759493670886076
0.759493670886076
0.759493670886076
0.759493670886076
0.759493670886076
0.759493670886076
0.759493670886076
0.759493670886076
0.759493670886076
0.759493670886076
0.759493670886076
0.759493670886076
0.759493670886076
0.759493670886076
0.759493670886076
0.759493670886076
0.759493670886076
0.759493670886076
0.759493670886076
0.759493670886076
0.759493670886076
0.759493670886076
0.759493670886076
0.759493670886076
0.759493670886076
0.759493670886076
0.759493670886076
0.759493670886076
0.759493670886076
0.759493670886076
0.759493670886076
0.759493670886076
0.759493670886076
0.759493670886076
0.759493670886076
0.759493670886076
0.759493670886076
0.759493670886076
0.759493670886076
0.759493670886076
0.759493670886076
0.759493670886076
0.759493670886076
0.759493670886076
0.759493670886076
0.759493670886076
0.759493670886076
0.759493670886076
0.759493670886076
0.759493670886076
0.759493670886076
0.759493670886076
0.759493670886076
0.759493670886076
0.759493670886076
0.759493670886076
0.759493670886076
0.759493670886076
0.759493670886076
0.759493670886076
0.759493670886076
0.759493670886076
0.759493670886076
0.759493670886076
0.759493670886076
0.759493670886076
0.759493670886076
0.759493670886076
0.759493670886076
0.759493670886076
0.759493670886076
0.759493670886076
0.759493670886076
0.759493670886076
0.759493670886076
0.759493670886076
0.759493670886076
0.759493670886076
0.759493670886076
0.759493670886076
0.759493670886076
0.759493670886076
0.759493670886076
0.759493670886076
0.759493670886076
0.759493670886076
0.759493670886076
0.759493670886076
0.759493670886076
0.759493670886076
0.759493670886076
0.759493670886076
0.759493670886076
0.759493670886076
0.759493670886076
0.759493670886076
0.759493670886076
0.759493670886076
0.759493670886076
0.759493670886076
0.759493670886076
0.759493670886076
0.759493670886076
0.759493670886076
0.759493670886076
0.759493670886076
0.759493670886076
0.759493670886076
0.759493670886076
0.759493670886076
0.759493670886076
0.759493670886076
0.759493670886076
0.759493670886076
0.759493670886076
0.759493670886076
0.759493670886076
0.759493670886076
0.759493670886076
0.759493670886076
0.759493670886076
0.759493670886076
0.759493670886076
0.759493670886076
0.759493670886076
0.759493670886076
0.759493670886076
0.759493670886076
0.759493670886076
0.759493670886076
0.759493670886076
0.759493670886076
0.759493670886076
0.759493670886076
0.759493670886076
0.759493670886076
0.759493670886076
0.759493670886076
0.759493670886076
0.759493670886076
0.759493670886076
0.759493670886076
0.759493670886076
0.759493670886076
0.759493670886076
0.759493670886076
0.759493670886076
0.759493670886076
0.759493670886076
0.759493670886076
0.759493670886076
0.759493670886076
0.759493670886076
0.759493670886076
0.759493670886076
0.759493670886076
0.759493670886076
0.759493670886076
0.759493670886076
0.759493670886076
0.759493670886076
0.759493670886076
0.759493670886076
0.759493670886076
0.759493670886076
0.759493670886076
0.759493670886076
0.759493670886076
0.759493670886076
0.759493670886076
0.759493670886076
0.759493670886076
0.759493670886076
0.759493670886076
0.759493670886076
0.759493670886076
0.759493670886076
0.759493670886076
0.759493670886076
0.759493670886076
0.759493670886076
0.759493670886076
0.759493670886076
0.759493670886076
0.759493670886076
0.759493670886076
0.759493670886076
0.759493670886076
0.759493670886076
0.759493670886076
0.759493670886076
0.759493670886076
0.759493670886076
0.759493670886076
0.759493670886076
0.759493670886076
0.759493670886076
0.759493670886076
0.759493670886076
0.759493670886076
0.759493670886076
0.759493670886076
0.759493670886076
0.759493670886076
0.759493670886076
0.759493670886076
0.759493670886076
0.759493670886076
0.759493670886076
0.759493670886076
0.759493670886076
0.759493670886076
0.759493670886076
0.759493670886076
0.759493670886076
0.759493670886076
0.759493670886076
0.759493670886076
0.759493670886076
0.759493670886076
0.759493670886076
0.759493670886076
0.759493670886076
0.759493670886076
0.759493670886076
0.759493670886076
0.759493670886076
0.759493670886076
0.759493670886076
0.759493670886076
0.759493670886076
0.759493670886076
0.759493670886076
0.759493670886076
0.759493670886076
0.759493670886076
0.759493670886076
0.759493670886076
0.759493670886076
0.759493670886076
0.759493670886076
0.759493670886076
0.759493670886076
0.759493670886076
0.759493670886076
0.759493670886076
0.759493670886076
0.759493670886076
0.759493670886076
0.759493670886076
0.759493670886076
0.759493670886076
0.759493670886076
0.759493670886076
0.759493670886076
0.759493670886076
0.759493670886076
0.759493670886076
0.759493670886076
0.759493670886076
0.759493670886076
0.759493670886076
0.759493670886076
0.759493670886076
0.759493670886076
0.759493670886076
0.759493670886076
0.759493670886076
0.759493670886076
0.759493670886076
0.759493670886076
0.759493670886076
0.759493670886076
0.759493670886076
0.759493670886076
0.759493670886076
0.759493670886076
0.759493670886076
0.759493670886076
0.759493670886076
0.759493670886076
0.759493670886076
0.759493670886076
0.759493670886076
0.759493670886076
0.759493670886076
0.759493670886076
0.759493670886076
0.759493670886076
0.759493670886076
0.759493670886076
0.759493670886076
0.759493670886076
0.759493670886076
0.759493670886076
0.759493670886076
0.759493670886076
0.759493670886076
0.759493670886076
0.759493670886076
0.759493670886076
0.759493670886076
0.759493670886076
0.759493670886076
0.759493670886076