1.0
0.5
0.3333333333333333
0.5
0.6
0.6666666666666666
0.5714285714285714
0.5
0.4444444444444444
0.4
0.36363636363636365
0.4166666666666667
0.46153846153846156
0.5
0.5333333333333333
0.5625
0.5882352941176471
0.5555555555555556
0.5263157894736842
0.5
0.5238095238095238
0.5454545454545454
0.5217391304347826
0.5416666666666666
0.52
0.5
0.48148148148148145
0.5
0.5172413793103449
0.5333333333333333
0.5161290322580645
0.5
0.48484848484848486
0.47058823529411764
0.45714285714285713
0.4444444444444444
0.4594594594594595
0.4473684210526316
0.4358974358974359
0.45
0.43902439024390244
0.42857142857142855
0.4186046511627907
0.4318181818181818
0.4222222222222222
0.43478260869565216
0.44680851063829785
0.4583333333333333
0.4489795918367347
0.44
0.43137254901960786
0.4230769230769231
0.41509433962264153
0.4074074074074074
0.4
0.4107142857142857
0.42105263157894735
0.43103448275862066
0.423728813559322
0.4166666666666667
0.4098360655737705
0.41935483870967744
0.4126984126984127
0.40625
0.4
0.3939393939393939
0.3880597014925373
0.38235294117647056
0.37681159420289856
0.37142857142857144
0.36619718309859156
0.3611111111111111
0.3561643835616438
0.35135135135135137
0.3466666666666667
0.34210526315789475
0.33766233766233766
0.3333333333333333
0.3291139240506329
0.325
0.32098765432098764
0.3170731707317073
0.3132530120481928
0.30952380952380953
0.3058823529411765
0.3023255813953488
0.2988505747126437
0.29545454545454547
0.29213483146067415
0.3
0.3076923076923077
0.30434782608695654
0.3010752688172043
0.2978723404255319
0.29473684210526313
0.2916666666666667
0.28865979381443296
0.29591836734693877
0.29292929292929293
0.3
0.297029702970297
0.29411764705882354
0.2912621359223301
0.28846153846153844
0.2857142857142857
0.2830188679245283
0.2803738317757009
0.2777777777777778
0.27522935779816515
0.2727272727272727
0.2702702702702703
0.26785714285714285
0.26548672566371684
0.2631578947368421
0.2608695652173913
0.25862068965517243
0.2564102564102564
0.2542372881355932
0.25210084033613445
0.25
0.24793388429752067
0.2459016393442623
0.24390243902439024
0.24193548387096775
0.24
0.23809523809523808
0.23622047244094488
0.234375
0.24031007751937986
0.24615384615384617
0.25190839694656486
0.25
0.2556390977443609
0.2537313432835821
0.2518518518518518
0.25
0.24817518248175183
0.2463768115942029
0.2446043165467626
0.24285714285714285
0.24113475177304963
0.23943661971830985
0.24475524475524477
0.24305555555555555
0.2413793103448276
0.23972602739726026
0.23809523809523808
0.23648648648648649
0.2348993288590604
0.23333333333333334
0.23178807947019867
0.23026315789473684
0.22875816993464052
0.23376623376623376
0.23225806451612904
0.23717948717948717
0.2356687898089172
0.23417721518987342
0.2389937106918239
0.2375
0.2360248447204969
0.2345679012345679
0.2331288343558282
0.23170731707317074
0.23030303030303031
0.2289156626506024
0.2275449101796407
0.2261904761904762
0.22485207100591717
0.2235294117647059
0.2222222222222222
0.22093023255813954
0.21965317919075145
0.21839080459770116
0.21714285714285714
0.2159090909090909
0.21468926553672316
0.21348314606741572
0.2122905027932961
0.21666666666666667
0.2154696132596685
0.21428571428571427
0.21311475409836064
0.21195652173913043
0.21081081081081082
0.20967741935483872
0.20855614973262032
0.2074468085106383
0.20634920634920634
0.20526315789473684
0.20418848167539266
0.203125
0.20207253886010362
0.20103092783505155
0.2
0.20408163265306123
0.20812182741116753
0.20707070707070707
0.20603015075376885
0.205
0.20398009950248755
0.20297029702970298
0.2019704433497537
0.20098039215686275
0.2
0.19902912621359223
0.19806763285024154
0.1971153846153846
0.19617224880382775
0.19523809523809524
0.1943127962085308
0.19339622641509435
0.19248826291079812
0.19158878504672897
0.19069767441860466
0.18981481481481483
0.1889400921658986
0.18807339449541285
0.1872146118721461
0.18636363636363637
0.18552036199095023
0.18468468468468469
0.18385650224215247
0.18303571428571427
0.18222222222222223
0.18141592920353983
0.18061674008810572
0.17982456140350878
0.17903930131004367
0.1782608695652174
0.1774891774891775
0.17672413793103448
0.1759656652360515
0.1752136752136752
0.17446808510638298
0.17372881355932204
0.1729957805907173
0.1722689075630252
0.17154811715481172
0.175
0.17427385892116182
0.17355371900826447
0.1728395061728395
0.1721311475409836
0.17142857142857143
0.17073170731707318
0.1700404858299595
0.1693548387096774
0.1686746987951807
0.168
0.17131474103585656
0.1746031746031746
0.17391304347826086
0.1732283464566929
0.17254901960784313
0.171875
0.17120622568093385
0.17054263565891473
0.16988416988416988
0.16923076923076924
0.1685823754789272
0.16793893129770993
0.16730038022813687
0.16666666666666666
0.1660377358490566
0.16541353383458646
0.1647940074906367
0.16417910447761194
0.16356877323420074
0.16296296296296298
0.16236162361623616
0.16176470588235295
0.16117216117216118
0.16423357664233576
0.16363636363636364
0.16304347826086957
0.1624548736462094
0.1618705035971223
0.16129032258064516
0.16071428571428573
0.1601423487544484
0.1595744680851064
0.15901060070671377
0.15845070422535212
0.15789473684210525
0.15734265734265734
0.156794425087108
0.15625
0.15570934256055363
0.15517241379310345
0.15463917525773196
0.1541095890410959
0.15358361774744028
0.15306122448979592
0.15254237288135594
0.15202702702702703
0.15151515151515152
0.15100671140939598
0.1505016722408027
0.15
0.14950166112956811
0.1490066225165563
0.1485148514851485
0.14802631578947367
0.14754098360655737
0.14705882352941177
0.1465798045602606
0.1461038961038961
0.14563106796116504
0.14516129032258066
0.14469453376205788
0.14423076923076922
0.14376996805111822
0.14331210191082802
0.14285714285714285
0.14240506329113925
0.14195583596214512
0.14150943396226415
0.14106583072100312
0.140625
0.14018691588785046
0.13975155279503104
0.1393188854489164
0.1388888888888889
0.13846153846153847
0.13803680981595093
0.13761467889908258
0.13719512195121952
0.1398176291793313
0.1393939393939394
0.13897280966767372
0.14156626506024098
0.14114114114114115
0.1407185628742515
0.14029850746268657
0.13988095238095238
0.1394658753709199
0.1390532544378698
0.13864306784660768
0.13823529411764707
0.1378299120234604
0.13742690058479531
0.13702623906705538
0.13662790697674418
0.13623188405797101
0.13583815028901733
0.13544668587896252
0.13505747126436782
0.1346704871060172
0.13428571428571429
0.1339031339031339
0.13352272727272727
0.13314447592067988
0.1327683615819209
0.1323943661971831
0.13202247191011235
0.13165266106442577
0.13128491620111732
0.1309192200557103
0.13055555555555556
0.13019390581717452
0.1298342541436464
0.12947658402203857
0.12912087912087913
0.12876712328767123
0.1284153005464481
0.12806539509536785
0.12771739130434784
0.12737127371273713
0.12702702702702703
0.12668463611859837
0.12634408602150538
0.1260053619302949
0.12566844919786097
0.12533333333333332
0.125
0.1273209549071618
0.12698412698412698
0.1266490765171504
0.12631578947368421
0.12598425196850394
0.1256544502617801
0.12532637075718014
0.125
0.12467532467532468
0.12435233160621761
0.12403100775193798
0.12371134020618557
0.12339331619537275
0.12307692307692308
0.12276214833759591
0.12244897959183673
0.12213740458015267
0.1218274111675127
0.12151898734177215
0.12121212121212122
0.12090680100755667
0.12060301507537688
0.12030075187969924
0.12
0.11970074812967581
0.11940298507462686
0.11910669975186104
0.1188118811881188
0.11851851851851852
0.11822660098522167
0.11793611793611794
0.11764705882352941
0.11735941320293398
0.11707317073170732
0.11678832116788321
0.11650485436893204
0.1162227602905569
0.11594202898550725
0.11566265060240964
0.11538461538461539
0.11510791366906475
0.11483253588516747
0.11455847255369929
0.11428571428571428
0.11401425178147269
0.11374407582938388
0.11347517730496454
0.11320754716981132
0.11294117647058824
0.11267605633802817
0.11241217798594848
0.11214953271028037
0.11188811188811189
0.11162790697674418
0.11136890951276102
0.1111111111111111
0.11085450346420324
0.11059907834101383
0.1103448275862069
0.11009174311926606
0.10983981693363844
0.1095890410958904
0.10933940774487472
0.10909090909090909
0.10884353741496598
0.1085972850678733
0.10835214446952596
0.10810810810810811
0.10786516853932585
0.10762331838565023
0.10738255033557047
0.10714285714285714
0.10690423162583519
0.10666666666666667
0.10643015521064302
0.10619469026548672
0.10596026490066225
0.10572687224669604
0.1054945054945055
0.10526315789473684
0.1050328227571116
0.10480349344978165
0.10457516339869281
0.10434782608695652
0.10412147505422993
0.1038961038961039
0.10367170626349892
0.10344827586206896
0.1032258064516129
0.10300429184549356
0.10278372591006424
0.10256410256410256
0.1023454157782516
0.10212765957446808
0.10191082802547771
0.1016949152542373
0.1014799154334038
0.10126582278481013
0.10105263157894737
0.10084033613445378
0.10062893081761007
0.100418410041841
0.10020876826722339
0.1
0.0997920997920998
0.0995850622406639
0.09937888198757763
0.09917355371900827
0.09896907216494845
0.09876543209876543
0.09856262833675565
0.09836065573770492
0.09815950920245399
0.09795918367346938
0.09775967413441955
0.0975609756097561
0.0973630831643002
0.09716599190283401
0.09696969696969697
0.0967741935483871
0.096579476861167
0.0963855421686747
0.09619238476953908
0.096
0.09580838323353294
0.09561752988047809
0.09542743538767395
0.09523809523809523
0.09504950495049505
0.09486166007905138
0.09467455621301775
0.09448818897637795
0.09430255402750491
0.09411764705882353
0.09393346379647749
0.09375
0.0935672514619883
0.0933852140077821
0.09320388349514563
0.09302325581395349
0.09284332688588008
0.09266409266409266
0.09248554913294797
0.09230769230769231
0.09213051823416507
0.09195402298850575
0.09177820267686425
0.0916030534351145
0.09142857142857143
0.09125475285171103
0.09108159392789374
0.09090909090909091
0.09073724007561437
0.09056603773584905
0.0903954802259887
0.09022556390977443
0.0900562851782364
0.0898876404494382
0.08971962616822429
0.08955223880597014
0.0893854748603352
0.08921933085501858
0.08905380333951762
0.08888888888888889
0.08872458410351201
0.08856088560885608
0.08839779005524862
0.08823529411764706
0.08807339449541285
0.08791208791208792
0.08775137111517367
0.08759124087591241
0.08743169398907104
0.08727272727272728
0.08711433756805807
0.08695652173913043
0.0867992766726944
0.08664259927797834
0.08648648648648649
0.08633093525179857
0.08617594254937164
0.08602150537634409
0.08586762075134168
0.08571428571428572
0.0855614973262032
0.08540925266903915
0.0852575488454707
0.0851063829787234
0.08495575221238938
0.08480565371024736
0.08465608465608465
0.08450704225352113
0.0843585237258348
0.08421052631578947
0.0840630472854641
0.08391608391608392
0.08376963350785341
0.08362369337979095
0.08347826086956522
0.08333333333333333
0.0831889081455806
0.08304498269896193
0.08290155440414508
0.08275862068965517
0.08261617900172118
0.08247422680412371
0.0823327615780446
0.0821917808219178
0.08205128205128205
0.08191126279863481
0.0817717206132879
0.08333333333333333
0.0831918505942275
0.08305084745762711
0.0829103214890017
0.08277027027027027
0.08263069139966273
0.08249158249158249
0.08235294117647059
0.08221476510067115
0.08207705192629816
0.08193979933110368
0.08180300500834725
0.08166666666666667
0.08153078202995008
0.08305647840531562
0.08291873963515754
0.08278145695364239
0.08264462809917356
0.08250825082508251
0.08237232289950576
0.08223684210526316
0.08210180623973727
0.08196721311475409
0.08346972176759411
0.08333333333333333
0.08319738988580751
0.08306188925081433
0.08292682926829269
0.08279220779220779
0.08265802269043761
0.0825242718446602
0.08239095315024232
0.08225806451612903
0.0821256038647343
0.0819935691318328
0.08186195826645265
0.08173076923076923
0.0816
0.08146964856230032
0.08133971291866028
0.08121019108280254
0.08108108108108109
0.08095238095238096
0.08082408874801902
0.08069620253164557
0.08056872037914692
0.0804416403785489
0.08031496062992126
0.08018867924528301
0.08006279434850863
0.07993730407523511
0.07981220657276995
0.0796875
0.07956318252730109
0.0794392523364486
0.07931570762052877
0.07919254658385093
0.07906976744186046
0.07894736842105263
0.07882534775888717
0.0787037037037037
0.07858243451463791
0.07846153846153846
0.07834101382488479
0.07822085889570553
0.0781010719754977
0.0779816513761468
0.07786259541984733
0.07774390243902439
0.0776255707762557
0.07750759878419453
0.07738998482549317
0.07727272727272727
0.07715582450832073
0.0770392749244713
0.07692307692307693
0.07680722891566265
0.07669172932330827
0.07657657657657657
0.07646176911544228
0.07634730538922156
0.07623318385650224
0.07611940298507462
0.07600596125186289
0.07589285714285714
0.07578008915304606
0.07566765578635015
0.07555555555555556
0.07544378698224852
0.07533234859675036
0.0752212389380531
0.07511045655375552
0.075
0.07488986784140969
0.0747800586510264
0.0746705710102489
0.07456140350877193
0.07445255474452554
0.07434402332361516
0.07423580786026202
0.07412790697674419
0.07402031930333818
0.07391304347826087
0.07380607814761216
0.07369942196531792
0.0735930735930736
0.07348703170028818
0.07338129496402877
0.07327586206896551
0.07317073170731707
0.07306590257879657
0.07296137339055794
0.07285714285714286
0.07275320970042796
0.07264957264957266
0.07254623044096728
0.07244318181818182
0.07234042553191489
0.07223796033994334
0.07213578500707214
0.07203389830508475
0.07193229901269393
0.07323943661971831
0.07313642756680731
0.07303370786516854
0.0729312762973352
0.07282913165266107
0.07272727272727272
0.07262569832402235
0.07252440725244072
0.07242339832869081
0.07232267037552156
0.07222222222222222
0.07212205270457697
0.07202216066481995
0.07192254495159059
0.0718232044198895
0.07172413793103448
0.07162534435261708
0.07152682255845942
0.07142857142857142
0.07133058984910837
0.07123287671232877
0.07113543091655267
0.07103825136612021
0.07094133697135062
0.07084468664850137
0.0707482993197279
0.07065217391304347
0.07055630936227951
0.07046070460704607
0.07036535859269283
0.07027027027027027
0.07017543859649122
0.07008086253369272
0.06998654104979811
0.06989247311827956
0.0697986577181208
0.06970509383378017
0.06961178045515395
0.06951871657754011
0.06942590120160214
0.06933333333333333
0.0692410119840213
0.06914893617021277
0.06905710491367861
0.06896551724137931
0.06887417218543046
0.06878306878306878
0.06869220607661823
0.06860158311345646
0.06851119894598155
0.06842105263157895
0.0683311432325887
0.06824146981627296
0.06815203145478375
0.06806282722513089
0.06797385620915032
0.06788511749347259
0.06779661016949153
0.06770833333333333
0.06762028608582575
0.06883116883116883
0.06874189364461739
0.06865284974093264
0.0685640362225097
0.06847545219638243
0.06838709677419355
0.06829896907216494
0.0682110682110682
0.06812339331619537
0.06803594351732992
0.06794871794871794
0.0678617157490397
0.06777493606138107
0.06768837803320563
0.06760204081632654
0.06751592356687898
0.06743002544529263
0.06734434561626429
0.06725888324873096
0.06717363751584284
0.0670886075949367
0.06700379266750948
0.06691919191919192
0.06683480453972257
0.06675062972292191
0.06666666666666667
0.06658291457286432
0.06649937264742785
0.06641604010025062
0.06633291614518148
0.06625
0.066167290886392
0.06608478802992519
0.0660024906600249
0.06592039800995025
0.06583850931677018
0.06575682382133995
0.06567534076827757
0.0655940594059406
0.06551297898640297
0.0654320987654321
0.06535141800246609
0.06527093596059114
0.06519065190651907
0.06511056511056511
0.06503067484662577
0.06495098039215687
0.06487148102815178
0.0647921760391198
0.06471306471306472
0.06463414634146342
0.06455542021924482
0.06447688564476886
0.06439854191980558
0.06432038834951456
0.06424242424242424
0.06416464891041163
0.06408706166868199
0.0640096618357488
0.06393244873341375
0.06385542168674699
0.06377858002406739
0.06370192307692307
0.06362545018007203
0.06354916067146282
0.06347305389221557
0.06339712918660287
0.06332138590203107
0.06324582338902147
0.0631704410011919
0.0630952380952381
0.06302021403091558
0.06294536817102138
0.06287069988137604
0.06279620853080568
0.06272189349112427
0.06264775413711583
0.06257378984651712
0.0625
0.0624263839811543
0.06235294117647059
0.06227967097532315
0.062206572769953054
0.06213364595545135
0.06206088992974239
0.06198830409356725
0.06191588785046729
0.061843640606767794
0.06177156177156177
0.06169965075669383
0.06162790697674419
0.06155632984901278
0.06148491879350348
0.06141367323290846
0.061342592592592594
0.06127167630057803
0.061200923787528866
0.06113033448673587
0.06105990783410138
0.06098964326812428
0.06091954022988506
0.060849598163030996
0.06077981651376147
0.06071019473081329
0.06064073226544622
0.060571428571428575
0.06050228310502283
0.06043329532497149
0.06036446469248292
0.06029579067121729
0.060227272727272727
0.060158910329171394
0.060090702947845805
0.06002265005662514
0.05995475113122172
0.059887005649717516
0.05981941309255079
0.05975197294250282
0.059684684684684686
0.05961754780652419
0.05955056179775281
0.05948372615039282
0.05941704035874439
0.0593505039193729
0.0592841163310962
0.05921787709497207
0.05915178571428571
0.059085841694537344
0.05902004454342984
0.058954393770856504
0.058888888888888886
0.058823529411764705
0.058758314855875834
0.058693244739756366
0.0586283185840708
0.05856353591160221
0.05849889624724062
0.05843439911797133
0.05837004405286344
0.058305830583058306
0.05824175824175824
0.05817782656421515
0.0581140350877193
0.05805038335158817
0.05798687089715536
0.05792349726775956
0.05786026200873363
0.05779716466739367
0.05773420479302832
0.05767138193688792
0.057608695652173914
0.05754614549402823
0.057483731019522775
0.05742145178764897
0.05735930735930736
0.057297297297297295
0.05723542116630669
0.05717367853290183
0.057112068965517244
0.05705059203444564
0.05698924731182796
0.05692803437164339
0.05686695278969957
0.05680600214362272
0.056745182012847964
0.05668449197860963
0.056623931623931624
0.05656350053361793
0.05650319829424307
0.05644302449414271
0.05638297872340425
0.0563230605738576
0.05626326963906582
0.05620360551431601
0.05614406779661017
0.056084656084656084
0.056025369978858354
0.0559662090813094
0.05590717299578059
0.05584826132771338
0.05578947368421053
0.05573080967402734
0.05567226890756303
0.055613850996852045
0.05555555555555555
0.05549738219895288
0.05543933054393305
0.055381400208986416
0.055323590814196244
0.05526590198123045
0.05520833333333333
0.055150884495317375
0.0550935550935551
0.055036344755970926
0.054979253112033194
0.054922279792746116
0.054865424430641824
0.05480868665977249
0.05475206611570248
0.054695562435500514
0.05463917525773196
0.05458290422245108
0.05452674897119342
0.05447070914696814
0.054414784394250515
0.05435897435897436
0.05430327868852459
0.05424769703172978
0.0541922290388548
0.054136874361593465
0.05408163265306123
0.05402650356778797
0.0539714867617108
0.05391658189216684
0.05386178861788618
0.05380710659898477
0.0537525354969574
0.05369807497467072
0.053643724696356275
0.05358948432760364
0.05353535353535353
0.05348133198789102
0.05342741935483871
0.05337361530715005
0.05331991951710262
0.053266331658291456
0.05321285140562249
0.05315947843530592
0.0531062124248497
0.05305305305305305
0.053
0.012658227848101266
0.012658227848101266
0.012658227848101266
0.02531645569620253
0.0379746835443038
0.05063291139240506
0.05063291139240506
0.05063291139240506
0.05063291139240506
0.05063291139240506
0.05063291139240506
0.06329113924050633
0.0759493670886076
0.08860759493670886
0.10126582278481013
0.11392405063291139
0.12658227848101267
0.12658227848101267
0.12658227848101267
0.12658227848101267
0.13924050632911392
0.1518987341772152
0.1518987341772152
0.16455696202531644
0.16455696202531644
0.16455696202531644
0.16455696202531644
0.17721518987341772
0.189873417721519
0.20253164556962025
0.20253164556962025
0.20253164556962025
0.20253164556962025
0.20253164556962025
0.20253164556962025
0.20253164556962025
0.21518987341772153
0.21518987341772153
0.21518987341772153
0.22784810126582278
0.22784810126582278
0.22784810126582278
0.22784810126582278
0.24050632911392406
0.24050632911392406
0.25316455696202533
0.26582278481012656
0.27848101265822783
0.27848101265822783
0.27848101265822783
0.27848101265822783
0.27848101265822783
0.27848101265822783
0.27848101265822783
0.27848101265822783
0.2911392405063291
0.3037974683544304
0.31645569620253167
0.31645569620253167
0.31645569620253167
0.31645569620253167
0.3291139240506329
0.3291139240506329
0.3291139240506329
0.3291139240506329
0.3291139240506329
0.3291139240506329
0.3291139240506329
0.3291139240506329
0.3291139240506329
0.3291139240506329
0.3291139240506329
0.3291139240506329
0.3291139240506329
0.3291139240506329
0.3291139240506329
0.3291139240506329
0.3291139240506329
0.3291139240506329
0.3291139240506329
0.3291139240506329
0.3291139240506329
0.3291139240506329
0.3291139240506329
0.3291139240506329
0.3291139240506329
0.3291139240506329
0.3291139240506329
0.3291139240506329
0.34177215189873417
0.35443037974683544
0.35443037974683544
0.35443037974683544
0.35443037974683544
0.35443037974683544
0.35443037974683544
0.35443037974683544
0.3670886075949367
0.3670886075949367
0.379746835443038
0.379746835443038
0.379746835443038
0.379746835443038
0.379746835443038
0.379746835443038
0.379746835443038
0.379746835443038
0.379746835443038
0.379746835443038
0.379746835443038
0.379746835443038
0.379746835443038
0.379746835443038
0.379746835443038
0.379746835443038
0.379746835443038
0.379746835443038
0.379746835443038
0.379746835443038
0.379746835443038
0.379746835443038
0.379746835443038
0.379746835443038
0.379746835443038
0.379746835443038
0.379746835443038
0.379746835443038
0.379746835443038
0.3924050632911392
0.4050632911392405
0.4177215189873418
0.4177215189873418
0.43037974683544306
0.43037974683544306
0.43037974683544306
0.43037974683544306
0.43037974683544306
0.43037974683544306
0.43037974683544306
0.43037974683544306
0.43037974683544306
0.43037974683544306
0.4430379746835443
0.4430379746835443
0.4430379746835443
0.4430379746835443
0.4430379746835443
0.4430379746835443
0.4430379746835443
0.4430379746835443
0.4430379746835443
0.4430379746835443
0.4430379746835443
0.45569620253164556
0.45569620253164556
0.46835443037974683
0.46835443037974683
0.46835443037974683
0.4810126582278481
0.4810126582278481
0.4810126582278481
0.4810126582278481
0.4810126582278481
0.4810126582278481
0.4810126582278481
0.4810126582278481
0.4810126582278481
0.4810126582278481
0.4810126582278481
0.4810126582278481
0.4810126582278481
0.4810126582278481
0.4810126582278481
0.4810126582278481
0.4810126582278481
0.4810126582278481
0.4810126582278481
0.4810126582278481
0.4810126582278481
0.4936708860759494
0.4936708860759494
0.4936708860759494
0.4936708860759494
0.4936708860759494
0.4936708860759494
0.4936708860759494
0.4936708860759494
0.4936708860759494
0.4936708860759494
0.4936708860759494
0.4936708860759494
0.4936708860759494
0.4936708860759494
0.4936708860759494
0.4936708860759494
0.5063291139240507
0.5189873417721519
0.5189873417721519
0.5189873417721519
0.5189873417721519
0.5189873417721519
0.5189873417721519
0.5189873417721519
0.5189873417721519
0.5189873417721519
0.5189873417721519
0.5189873417721519
0.5189873417721519
0.5189873417721519
0.5189873417721519
0.5189873417721519
0.5189873417721519
0.5189873417721519
0.5189873417721519
0.5189873417721519
0.5189873417721519
0.5189873417721519
0.5189873417721519
0.5189873417721519
0.5189873417721519
0.5189873417721519
0.5189873417721519
0.5189873417721519
0.5189873417721519
0.5189873417721519
0.5189873417721519
0.5189873417721519
0.5189873417721519
0.5189873417721519
0.5189873417721519
0.5189873417721519
0.5189873417721519
0.5189873417721519
0.5189873417721519
0.5189873417721519
0.5189873417721519
0.5189873417721519
0.5189873417721519
0.5189873417721519
0.5316455696202531
0.5316455696202531
0.5316455696202531
0.5316455696202531
0.5316455696202531
0.5316455696202531
0.5316455696202531
0.5316455696202531
0.5316455696202531
0.5316455696202531
0.5316455696202531
0.5443037974683544
0.5569620253164557
0.5569620253164557
0.5569620253164557
0.5569620253164557
0.5569620253164557
0.5569620253164557
0.5569620253164557
0.5569620253164557
0.5569620253164557
0.5569620253164557
0.5569620253164557
0.5569620253164557
0.5569620253164557
0.5569620253164557
0.5569620253164557
0.5569620253164557
0.5569620253164557
0.5569620253164557
0.5569620253164557
0.5569620253164557
0.5569620253164557
0.5569620253164557
0.569620253164557
0.569620253164557
0.569620253164557
0.569620253164557
0.569620253164557
0.569620253164557
0.569620253164557
0.569620253164557
0.569620253164557
0.569620253164557
0.569620253164557
0.569620253164557
0.569620253164557
0.569620253164557
0.569620253164557
0.569620253164557
0.569620253164557
0.569620253164557
0.569620253164557
0.569620253164557
0.569620253164557
0.569620253164557
0.569620253164557
0.569620253164557
0.569620253164557
0.569620253164557
0.569620253164557
0.569620253164557
0.569620253164557
0.569620253164557
0.569620253164557
0.569620253164557
0.569620253164557
0.569620253164557
0.569620253164557
0.569620253164557
0.569620253164557
0.569620253164557
0.569620253164557
0.569620253164557
0.569620253164557
0.569620253164557
0.569620253164557
0.569620253164557
0.569620253164557
0.569620253164557
0.569620253164557
0.569620253164557
0.569620253164557
0.569620253164557
0.569620253164557
0.569620253164557
0.569620253164557
0.569620253164557
0.569620253164557
0.5822784810126582
0.5822784810126582
0.5822784810126582
0.5949367088607594
0.5949367088607594
0.5949367088607594
0.5949367088607594
0.5949367088607594
0.5949367088607594
0.5949367088607594
0.5949367088607594
0.5949367088607594
0.5949367088607594
0.5949367088607594
0.5949367088607594
0.5949367088607594
0.5949367088607594
0.5949367088607594
0.5949367088607594
0.5949367088607594
0.5949367088607594
0.5949367088607594
0.5949367088607594
0.5949367088607594
0.5949367088607594
0.5949367088607594
0.5949367088607594
0.5949367088607594
0.5949367088607594
0.5949367088607594
0.5949367088607594
0.5949367088607594
0.5949367088607594
0.5949367088607594
0.5949367088607594
0.5949367088607594
0.5949367088607594
0.5949367088607594
0.5949367088607594
0.5949367088607594
0.5949367088607594
0.5949367088607594
0.5949367088607594
0.5949367088607594
0.5949367088607594
0.5949367088607594
0.5949367088607594
0.5949367088607594
0.6075949367088608
0.6075949367088608
0.6075949367088608
0.6075949367088608
0.6075949367088608
0.6075949367088608
0.6075949367088608
0.6075949367088608
0.6075949367088608
0.6075949367088608
0.6075949367088608
0.6075949367088608
0.6075949367088608
0.6075949367088608
0.6075949367088608
0.6075949367088608
0.6075949367088608
0.6075949367088608
0.6075949367088608
0.6075949367088608
0.6075949367088608
0.6075949367088608
0.6075949367088608
0.6075949367088608
0.6075949367088608
0.6075949367088608
0.6075949367088608
0.6075949367088608
0.6075949367088608
0.6075949367088608
0.6075949367088608
0.6075949367088608
0.6075949367088608
0.6075949367088608
0.6075949367088608
0.6075949367088608
0.6075949367088608
0.6075949367088608
0.6075949367088608
0.6075949367088608
0.6075949367088608
0.6075949367088608
0.6075949367088608
0.6075949367088608
0.6075949367088608
0.6075949367088608
0.6075949367088608
0.6075949367088608
0.6075949367088608
0.6075949367088608
0.6075949367088608
0.6075949367088608
0.6075949367088608
0.6075949367088608
0.6075949367088608
0.6075949367088608
0.6075949367088608
0.6075949367088608
0.6075949367088608
0.6075949367088608
0.6075949367088608
0.6075949367088608
0.6075949367088608
0.6075949367088608
0.6075949367088608
0.6075949367088608
0.6075949367088608
0.6075949367088608
0.6075949367088608
0.6075949367088608
0.6075949367088608
0.6075949367088608
0.6075949367088608
0.6075949367088608
0.6075949367088608
0.6075949367088608
0.6075949367088608
0.6075949367088608
0.6075949367088608
0.6075949367088608
0.6075949367088608
0.6075949367088608
0.6075949367088608
0.6075949367088608
0.6075949367088608
0.6075949367088608
0.6075949367088608
0.6075949367088608
0.6075949367088608
0.6075949367088608
0.6075949367088608
0.6075949367088608
0.6075949367088608
0.6075949367088608
0.6075949367088608
0.6075949367088608
0.6075949367088608
0.6075949367088608
0.6075949367088608
0.6075949367088608
0.6075949367088608
0.6075949367088608
0.6075949367088608
0.6075949367088608
0.6075949367088608
0.6075949367088608
0.6075949367088608
0.6075949367088608
0.6075949367088608
0.6075949367088608
0.6075949367088608
0.6075949367088608
0.6075949367088608
0.6075949367088608
0.6075949367088608
0.6075949367088608
0.6075949367088608
0.6075949367088608
0.6075949367088608
0.6075949367088608
0.6075949367088608
0.6075949367088608
0.6075949367088608
0.6075949367088608
0.6075949367088608
0.6075949367088608
0.6075949367088608
0.6075949367088608
0.6075949367088608
0.6075949367088608
0.6075949367088608
0.6075949367088608
0.6075949367088608
0.6075949367088608
0.6075949367088608
0.6075949367088608
0.6075949367088608
0.6075949367088608
0.6075949367088608
0.6075949367088608
0.6075949367088608
0.6075949367088608
0.6075949367088608
0.6075949367088608
0.6075949367088608
0.6075949367088608
0.6075949367088608
0.6075949367088608
0.6075949367088608
0.6075949367088608
0.6075949367088608
0.6075949367088608
0.6075949367088608
0.6075949367088608
0.6075949367088608
0.6075949367088608
0.6075949367088608
0.6075949367088608
0.6075949367088608
0.6075949367088608
0.6075949367088608
0.6075949367088608
0.6075949367088608
0.6075949367088608
0.6075949367088608
0.6075949367088608
0.6075949367088608
0.6075949367088608
0.6075949367088608
0.6075949367088608
0.6075949367088608
0.6075949367088608
0.6075949367088608
0.6075949367088608
0.6075949367088608
0.6075949367088608
0.6075949367088608
0.6075949367088608
0.6075949367088608
0.6075949367088608
0.6075949367088608
0.6075949367088608
0.6075949367088608
0.6075949367088608
0.6075949367088608
0.6075949367088608
0.6075949367088608
0.6075949367088608
0.6075949367088608
0.6075949367088608
0.6075949367088608
0.6075949367088608
0.6075949367088608
0.6075949367088608
0.6075949367088608
0.6075949367088608
0.6075949367088608
0.6075949367088608
0.6075949367088608
0.6075949367088608
0.6075949367088608
0.6075949367088608
0.6075949367088608
0.6075949367088608
0.6075949367088608
0.6075949367088608
0.6075949367088608
0.6075949367088608
0.6075949367088608
0.6075949367088608
0.6075949367088608
0.620253164556962
0.620253164556962
0.620253164556962
0.620253164556962
0.620253164556962
0.620253164556962
0.620253164556962
0.620253164556962
0.620253164556962
0.620253164556962
0.620253164556962
0.620253164556962
0.620253164556962
0.620253164556962
0.6329113924050633
0.6329113924050633
0.6329113924050633
0.6329113924050633
0.6329113924050633
0.6329113924050633
0.6329113924050633
0.6329113924050633
0.6329113924050633
0.6455696202531646
0.6455696202531646
0.6455696202531646
0.6455696202531646
0.6455696202531646
0.6455696202531646
0.6455696202531646
0.6455696202531646
0.6455696202531646
0.6455696202531646
0.6455696202531646
0.6455696202531646
0.6455696202531646
0.6455696202531646
0.6455696202531646
0.6455696202531646
0.6455696202531646
0.6455696202531646
0.6455696202531646
0.6455696202531646
0.6455696202531646
0.6455696202531646
0.6455696202531646
0.6455696202531646
0.6455696202531646
0.6455696202531646
0.6455696202531646
0.6455696202531646
0.6455696202531646
0.6455696202531646
0.6455696202531646
0.6455696202531646
0.6455696202531646
0.6455696202531646
0.6455696202531646
0.6455696202531646
0.6455696202531646
0.6455696202531646
0.6455696202531646
0.6455696202531646
0.6455696202531646
0.6455696202531646
0.6455696202531646
0.6455696202531646
0.6455696202531646
0.6455696202531646
0.6455696202531646
0.6455696202531646
0.6455696202531646
0.6455696202531646
0.6455696202531646
0.6455696202531646
0.6455696202531646
0.6455696202531646
0.6455696202531646
0.6455696202531646
0.6455696202531646
0.6455696202531646
0.6455696202531646
0.6455696202531646
0.6455696202531646
0.6455696202531646
0.6455696202531646
0.6455696202531646
0.6455696202531646
0.6455696202531646
0.6455696202531646
0.6455696202531646
0.6455696202531646
0.6455696202531646
0.6455696202531646
0.6455696202531646
0.6455696202531646
0.6455696202531646
0.6455696202531646
0.6455696202531646
0.6455696202531646
0.6455696202531646
0.6455696202531646
0.6455696202531646
0.6455696202531646
0.6455696202531646
0.6455696202531646
0.6455696202531646
0.6455696202531646
0.6455696202531646
0.6455696202531646
0.6455696202531646
0.6455696202531646
0.6455696202531646
0.6455696202531646
0.6455696202531646
0.6455696202531646
0.6455696202531646
0.6455696202531646
0.6455696202531646
0.6455696202531646
0.6455696202531646
0.6455696202531646
0.6582278481012658
0.6582278481012658
0.6582278481012658
0.6582278481012658
0.6582278481012658
0.6582278481012658
0.6582278481012658
0.6582278481012658
0.6582278481012658
0.6582278481012658
0.6582278481012658
0.6582278481012658
0.6582278481012658
0.6582278481012658
0.6582278481012658
0.6582278481012658
0.6582278481012658
0.6582278481012658
0.6582278481012658
0.6582278481012658
0.6582278481012658
0.6582278481012658
0.6582278481012658
0.6582278481012658
0.6582278481012658
0.6582278481012658
0.6582278481012658
0.6582278481012658
0.6582278481012658
0.6582278481012658
0.6582278481012658
0.6582278481012658
0.6582278481012658
0.6582278481012658
0.6582278481012658
0.6582278481012658
0.6582278481012658
0.6582278481012658
0.6582278481012658
0.6582278481012658
0.6582278481012658
0.6582278481012658
0.6582278481012658
0.6582278481012658
0.6582278481012658
0.6582278481012658
0.6582278481012658
0.6582278481012658
0.6582278481012658
0.6582278481012658
0.6582278481012658
0.6582278481012658
0.6582278481012658
0.6582278481012658
0.6582278481012658
0.6582278481012658
0.6582278481012658
0.6582278481012658
0.6582278481012658
0.6582278481012658
0.6708860759493671
0.6708860759493671
0.6708860759493671
0.6708860759493671
0.6708860759493671
0.6708860759493671
0.6708860759493671
0.6708860759493671
0.6708860759493671
0.6708860759493671
0.6708860759493671
0.6708860759493671
0.6708860759493671
0.6708860759493671
0.6708860759493671
0.6708860759493671
0.6708860759493671
0.6708860759493671
0.6708860759493671
0.6708860759493671
0.6708860759493671
0.6708860759493671
0.6708860759493671
0.6708860759493671
0.6708860759493671
0.6708860759493671
0.6708860759493671
0.6708860759493671
0.6708860759493671
0.6708860759493671
0.6708860759493671
0.6708860759493671
0.6708860759493671
0.6708860759493671
0.6708860759493671
0.6708860759493671
0.6708860759493671
0.6708860759493671
0.6708860759493671
0.6708860759493671
0.6708860759493671
0.6708860759493671
0.6708860759493671
0.6708860759493671
0.6708860759493671
0.6708860759493671
0.6708860759493671
0.6708860759493671
0.6708860759493671
0.6708860759493671
0.6708860759493671
0.6708860759493671
0.6708860759493671
0.6708860759493671
0.6708860759493671
0.6708860759493671
0.6708860759493671
0.6708860759493671
0.6708860759493671
0.6708860759493671
0.6708860759493671
0.6708860759493671
0.6708860759493671
0.6708860759493671
0.6708860759493671
0.6708860759493671
0.6708860759493671
0.6708860759493671
0.6708860759493671
0.6708860759493671
0.6708860759493671
0.6708860759493671
0.6708860759493671
0.6708860759493671
0.6708860759493671
0.6708860759493671
0.6708860759493671
0.6708860759493671
0.6708860759493671
0.6708860759493671
0.6708860759493671
0.6708860759493671
0.6708860759493671
0.6708860759493671
0.6708860759493671
0.6708860759493671
0.6708860759493671
0.6708860759493671
0.6708860759493671
0.6708860759493671
0.6708860759493671
0.6708860759493671
0.6708860759493671
0.6708860759493671
0.6708860759493671
0.6708860759493671
0.6708860759493671
0.6708860759493671
0.6708860759493671
0.6708860759493671
0.6708860759493671
0.6708860759493671
0.6708860759493671
0.6708860759493671
0.6708860759493671
0.6708860759493671
0.6708860759493671
0.6708860759493671
0.6708860759493671
0.6708860759493671
0.6708860759493671
0.6708860759493671
0.6708860759493671
0.6708860759493671
0.6708860759493671
0.6708860759493671
0.6708860759493671
0.6708860759493671
0.6708860759493671
0.6708860759493671
0.6708860759493671
0.6708860759493671
0.6708860759493671
0.6708860759493671
0.6708860759493671
0.6708860759493671
0.6708860759493671
0.6708860759493671
0.6708860759493671
0.6708860759493671
0.6708860759493671
0.6708860759493671
0.6708860759493671
0.6708860759493671
0.6708860759493671
0.6708860759493671
0.6708860759493671
0.6708860759493671
0.6708860759493671
0.6708860759493671
0.6708860759493671
0.6708860759493671
0.6708860759493671
0.6708860759493671
0.6708860759493671
0.6708860759493671
0.6708860759493671
0.6708860759493671
0.6708860759493671
0.6708860759493671
0.6708860759493671
0.6708860759493671
0.6708860759493671
0.6708860759493671
0.6708860759493671
0.6708860759493671
0.6708860759493671
0.6708860759493671
0.6708860759493671
0.6708860759493671
0.6708860759493671
0.6708860759493671
0.6708860759493671
0.6708860759493671
0.6708860759493671
0.6708860759493671
0.6708860759493671
0.6708860759493671
0.6708860759493671
0.6708860759493671
0.6708860759493671
0.6708860759493671
0.6708860759493671
0.6708860759493671
0.6708860759493671
0.6708860759493671
0.6708860759493671
0.6708860759493671
0.6708860759493671
0.6708860759493671
0.6708860759493671
0.6708860759493671
0.6708860759493671
0.6708860759493671
0.6708860759493671
0.6708860759493671
0.6708860759493671
0.6708860759493671
0.6708860759493671
0.6708860759493671
0.6708860759493671
0.6708860759493671
0.6708860759493671
0.6708860759493671
0.6708860759493671
0.6708860759493671
0.6708860759493671
0.6708860759493671
0.6708860759493671
0.6708860759493671
0.6708860759493671
0.6708860759493671
0.6708860759493671
0.6708860759493671
0.6708860759493671
0.6708860759493671
0.6708860759493671
0.6708860759493671
0.6708860759493671
0.6708860759493671
0.6708860759493671
0.6708860759493671
0.6708860759493671
0.6708860759493671
0.6708860759493671
0.6708860759493671
0.6708860759493671
0.6708860759493671
0.6708860759493671
0.6708860759493671
0.6708860759493671
0.6708860759493671
0.6708860759493671
0.6708860759493671
0.6708860759493671
0.6708860759493671
0.6708860759493671
0.6708860759493671
0.6708860759493671
0.6708860759493671
0.6708860759493671