0.0
0.5
0.3333333333333333
0.5
0.4
0.3333333333333333
0.42857142857142855
0.5
0.5555555555555556
0.5
0.0
0.012658227848101266
0.012658227848101266
0.02531645569620253
0.02531645569620253
0.02531645569620253
0.0379746835443038
0.05063291139240506
0.06329113924050633
0.06329113924050633
1.0
0.5
0.3333333333333333
0.5
0.6
0.6666666666666666
0.5714285714285714
0.5
0.4444444444444444
0.4
0.012658227848101266
0.012658227848101266
0.012658227848101266
0.02531645569620253
0.0379746835443038
0.05063291139240506
0.05063291139240506
0.05063291139240506
0.05063291139240506
0.05063291139240506
1.0
1.0
1.0
1.0
1.0
1.0
1.0
1.0
0.8888888888888888
0.9
0.012658227848101266
0.02531645569620253
0.0379746835443038
0.05063291139240506
0.06329113924050633
0.0759493670886076
0.08860759493670886
0.10126582278481013
0.10126582278481013
0.11392405063291139