0.0
0.5
0.3333333333333333
0.5
0.4
0.3333333333333333
0.42857142857142855
0.5
0.5555555555555556
0.5
0.45454545454545453
0.4166666666666667
0.38461538461538464
0.35714285714285715
0.3333333333333333
0.375
0.35294117647058826
0.3888888888888889
0.42105263157894735
0.4
0.38095238095238093
0.4090909090909091
0.43478260869565216
0.4583333333333333
0.44
0.46153846153846156
0.4444444444444444
0.42857142857142855
0.4482758620689655
0.43333333333333335
0.41935483870967744
0.40625
0.42424242424242425
0.4117647058823529
0.4
0.3888888888888889
0.3783783783783784
0.39473684210526316
0.38461538461538464
0.375
0.3902439024390244
0.40476190476190477
0.3953488372093023
0.38636363636363635
0.37777777777777777
0.3695652173913043
0.3617021276595745
0.3541666666666667
0.3469387755102041
0.34
0.3333333333333333
0.3269230769230769
0.33962264150943394
0.35185185185185186
0.34545454545454546
0.3392857142857143
0.3333333333333333
0.3275862068965517
0.3389830508474576
0.3333333333333333
0.32786885245901637
0.3225806451612903
0.31746031746031744
0.3125
0.3076923076923077
0.30303030303030304
0.29850746268656714
0.29411764705882354
0.30434782608695654
0.3
0.29577464788732394
0.2916666666666667
0.2876712328767123
0.28378378378378377
0.28
0.27631578947368424
0.2727272727272727
0.2692307692307692
0.26582278481012656
0.2625
0.25925925925925924
0.25609756097560976
0.25301204819277107
0.2619047619047619
0.25882352941176473
0.2558139534883721
0.26436781609195403
0.26136363636363635
0.25842696629213485
0.25555555555555554
0.25274725274725274
0.25
0.24731182795698925
0.24468085106382978
0.24210526315789474
0.25
0.24742268041237114
0.24489795918367346
0.24242424242424243
0.24
0.2376237623762376
0.23529411764705882
0.23300970873786409
0.23076923076923078
0.22857142857142856
0.22641509433962265
0.22429906542056074
0.2222222222222222
0.22018348623853212
0.22727272727272727
0.22522522522522523
0.22321428571428573
0.22123893805309736
0.21929824561403508
0.21739130434782608
0.21551724137931033
0.21367521367521367
0.211864406779661
0.21008403361344538
0.20833333333333334
0.2066115702479339
0.20491803278688525
0.2032520325203252
0.20161290322580644
0.2
0.1984126984126984
0.1968503937007874
0.1953125
0.1937984496124031
0.19230769230769232
0.19083969465648856
0.1893939393939394
0.18796992481203006
0.1865671641791045
0.18518518518518517
0.18382352941176472
0.18248175182481752
0.18115942028985507
0.17985611510791366
0.17857142857142858
0.1773049645390071
0.176056338028169
0.17482517482517482
0.1736111111111111
0.1724137931034483
0.1780821917808219
0.17687074829931973
0.17567567567567569
0.174496644295302
0.17333333333333334
0.17218543046357615
0.17105263157894737
0.16993464052287582
0.16883116883116883
0.16774193548387098
0.16666666666666666
0.16560509554140126
0.16455696202531644
0.16352201257861634
0.1625
0.16149068322981366
0.16049382716049382
0.15950920245398773
0.15853658536585366
0.15757575757575756
0.1566265060240964
0.15568862275449102
0.15476190476190477
0.15384615384615385
0.15294117647058825
0.15204678362573099
0.1511627906976744
0.15028901734104047
0.14942528735632185
0.14857142857142858
0.14772727272727273
0.14689265536723164
0.14606741573033707
0.1452513966480447
0.14444444444444443
0.143646408839779
0.14285714285714285
0.14754098360655737
0.14673913043478262
0.15135135135135136
0.15053763440860216
0.1497326203208556
0.14893617021276595
0.14814814814814814
0.14736842105263157
0.14659685863874344
0.14583333333333334
0.14507772020725387
0.14432989690721648
0.14358974358974358
0.14285714285714285
0.14213197969543148
0.1414141414141414
0.1407035175879397
0.14
0.14427860696517414
0.14356435643564355
0.14285714285714285
0.14215686274509803
0.14146341463414633
0.1407766990291262
0.14492753623188406
0.14423076923076922
0.14354066985645933
0.14285714285714285
0.14218009478672985
0.14150943396226415
0.14084507042253522
0.14018691588785046
0.13953488372093023
0.1388888888888889
0.1382488479262673
0.13761467889908258
0.1415525114155251
0.1409090909090909
0.14027149321266968
0.13963963963963963
0.13901345291479822
0.13839285714285715
0.14222222222222222
0.14601769911504425
0.14977973568281938
0.14912280701754385
0.14847161572052403
0.14782608695652175
0.1471861471861472
0.14655172413793102
0.1459227467811159
0.1452991452991453
0.14468085106382977
0.1440677966101695
0.14345991561181434
0.14285714285714285
0.14225941422594143
0.14166666666666666
0.14107883817427386
0.14049586776859505
0.13991769547325103
0.13934426229508196
0.13877551020408163
0.13821138211382114
0.13765182186234817
0.13709677419354838
0.13654618473895583
0.136
0.1394422310756972
0.1388888888888889
0.1422924901185771
0.14173228346456693
0.1411764705882353
0.140625
0.14007782101167315
0.13953488372093023
0.138996138996139
0.13846153846153847
0.13793103448275862
0.13740458015267176
0.13688212927756654
0.14015151515151514
0.13962264150943396
0.13909774436090225
0.13857677902621723
0.13805970149253732
0.137546468401487
0.13703703703703704
0.13653136531365315
0.13602941176470587
0.13553113553113552
0.13503649635036497
0.13454545454545455
0.13405797101449277
0.13357400722021662
0.13309352517985612
0.13261648745519714
0.13214285714285715
0.13167259786476868
0.13120567375886524
0.13074204946996468
0.13028169014084506
0.12982456140350876
0.12937062937062938
0.1289198606271777
0.1284722222222222
0.12802768166089964
0.12758620689655173
0.12714776632302405
0.1267123287671233
0.12627986348122866
0.12585034013605442
0.12542372881355932
0.125
0.12457912457912458
0.12416107382550336
0.12374581939799331
0.12333333333333334
0.12292358803986711
0.12251655629139073
0.12211221122112212
0.12171052631578948
0.12459016393442623
0.12745098039215685
0.1270358306188925
0.1266233766233766
0.1262135922330097
0.12580645161290321
0.12540192926045016
0.1282051282051282
0.12779552715654952
0.12738853503184713
0.12698412698412698
0.12658227848101267
0.12618296529968454
0.12578616352201258
0.12539184952978055
0.125
0.12461059190031153
0.12422360248447205
0.1238390092879257
0.12345679012345678
0.12307692307692308
0.12269938650306748
0.12232415902140673
0.12195121951219512
0.12462006079027356
0.12424242424242424
0.12386706948640483
0.12349397590361445
0.12312312312312312
0.12275449101796407
0.12238805970149254
0.12202380952380952
0.12166172106824925
0.12130177514792899
0.12094395280235988
0.12058823529411765
0.12023460410557185
0.11988304093567251
0.119533527696793
0.11918604651162791
0.11884057971014493
0.11849710982658959
0.11815561959654179
0.11781609195402298
0.1174785100286533
0.11714285714285715
0.1168091168091168
0.11647727272727272
0.11614730878186968
0.11581920903954802
0.11549295774647887
0.1151685393258427
0.11484593837535013
0.11731843575418995
0.116991643454039
0.11666666666666667
0.11634349030470914
0.11602209944751381
0.11570247933884298
0.11538461538461539
0.11506849315068493
0.11475409836065574
0.11444141689373297
0.11413043478260869
0.11382113821138211
0.11351351351351352
0.11320754716981132
0.11559139784946236
0.11528150134048257
0.11497326203208556
0.11466666666666667
0.11436170212765957
0.11405835543766578
0.11375661375661375
0.11345646437994723
0.11315789473684211
0.11286089238845144
0.112565445026178
0.1122715404699739
0.11197916666666667
0.11168831168831168
0.11139896373056994
0.1111111111111111
0.11082474226804123
0.11053984575835475
0.11025641025641025
0.10997442455242967
0.1096938775510204
0.10941475826972011
0.10913705583756345
0.10886075949367088
0.10858585858585859
0.10831234256926953
0.11055276381909548
0.11278195488721804
0.1125
0.11221945137157108
0.11194029850746269
0.11166253101736973
0.11138613861386139
0.1111111111111111
0.11083743842364532
0.11056511056511056
0.11029411764705882
0.1100244498777506
0.10975609756097561
0.10948905109489052
0.10922330097087378
0.1089588377723971
0.10869565217391304
0.10843373493975904
0.10817307692307693
0.1079136690647482
0.1076555023923445
0.10739856801909307
0.10714285714285714
0.10688836104513064
0.1066350710900474
0.10638297872340426
0.10613207547169812
0.10588235294117647
0.1056338028169014
0.1053864168618267
0.10514018691588785
0.1048951048951049
0.10465116279069768
0.10440835266821345
0.10416666666666667
0.10392609699769054
0.10368663594470046
0.10344827586206896
0.10321100917431193
0.10297482837528604
0.10273972602739725
0.10250569476082004
0.10227272727272728
0.10204081632653061
0.10180995475113122
0.10158013544018059
0.10135135135135136
0.10112359550561797
0.10089686098654709
0.10067114093959731
0.10044642857142858
0.10022271714922049
0.1
0.09977827050997783
0.09955752212389381
0.09933774834437085
0.09911894273127753
0.0989010989010989
0.09868421052631579
0.09846827133479212
0.0982532751091703
0.09803921568627451
0.09782608695652174
0.09761388286334056
0.09740259740259741
0.09719222462203024
0.09698275862068965
0.0967741935483871
0.09656652360515021
0.09635974304068523
0.09615384615384616
0.09594882729211088
0.09574468085106383
0.09554140127388536
0.09533898305084745
0.09513742071881606
0.0949367088607595
0.09473684210526316
0.09453781512605042
0.09433962264150944
0.09414225941422594
0.09394572025052192
0.09375
0.09355509355509356
0.09336099585062241
0.09316770186335403
0.09297520661157024
0.09278350515463918
0.09259259259259259
0.09240246406570841
0.09221311475409837
0.09202453987730061
0.09183673469387756
0.09164969450101833
0.09146341463414634
0.09127789046653144
0.09109311740890688
0.09090909090909091
0.0907258064516129
0.09054325955734406
0.09236947791164658
0.09218436873747494
0.092
0.09181636726546906
0.09163346613545817
0.09145129224652088
0.09126984126984126
0.09108910891089109
0.09090909090909091
0.09270216962524655
0.09251968503937008
0.09233791748526522
0.09215686274509804
0.09197651663405088
0.091796875
0.09161793372319688
0.0914396887159533
0.0912621359223301
0.09108527131782945
0.09090909090909091
0.09073359073359073
0.0905587668593449
0.09038461538461538
0.09021113243761997
0.09003831417624521
0.08986615678776291
0.08969465648854962
0.08952380952380952
0.08935361216730038
0.08918406072106262
0.08901515151515152
0.0888468809073724
0.08867924528301886
0.08851224105461393
0.08834586466165413
0.08818011257035648
0.08801498127340825
0.08785046728971962
0.08768656716417911
0.08752327746741155
0.08736059479553904
0.08719851576994433
0.08703703703703704
0.08687615526802218
0.08671586715867159
0.08839779005524862
0.08823529411764706
0.08807339449541285
0.08791208791208792
0.08775137111517367
0.08759124087591241
0.08743169398907104
0.08727272727272728
0.08711433756805807
0.08695652173913043
0.0867992766726944
0.08664259927797834
0.08648648648648649
0.08633093525179857
0.08617594254937164
0.08602150537634409
0.08586762075134168
0.08571428571428572
0.0855614973262032
0.08540925266903915
0.0852575488454707
0.0851063829787234
0.08495575221238938
0.08480565371024736
0.08465608465608465
0.08450704225352113
0.0843585237258348
0.08421052631578947
0.0840630472854641
0.08391608391608392
0.08376963350785341
0.08362369337979095
0.08347826086956522
0.08333333333333333
0.0831889081455806
0.08304498269896193
0.0846286701208981
0.08620689655172414
0.08605851979345955
0.0859106529209622
0.08576329331046312
0.08561643835616438
0.08547008547008547
0.08532423208191127
0.08517887563884156
0.08503401360544217
0.08488964346349745
0.0847457627118644
0.08460236886632826
0.08445945945945946
0.08431703204047218
0.08417508417508418
0.08403361344537816
0.08389261744966443
0.08375209380234507
0.08361204013377926
0.08347245409015025
0.08333333333333333
0.08319467554076539
0.08305647840531562
0.08291873963515754
0.08278145695364239
0.08264462809917356
0.08250825082508251
0.08237232289950576
0.08223684210526316
0.08210180623973727
0.08196721311475409
0.08183306055646482
0.08169934640522876
0.08156606851549755
0.08143322475570032
0.08130081300813008
0.08116883116883117
0.08103727714748785
0.08090614886731391
0.08077544426494346
0.08064516129032258
0.08051529790660225
0.08038585209003216
0.08025682182985554
0.08012820512820513
0.08
0.07987220447284345
0.07974481658692185
0.07961783439490445
0.0794912559618442
0.07936507936507936
0.07923930269413629
0.07911392405063292
0.07898894154818326
0.07886435331230283
0.07874015748031496
0.07861635220125786
0.07849293563579278
0.07836990595611286
0.0782472613458529
0.078125
0.078003120124805
0.0778816199376947
0.07776049766718507
0.07763975155279502
0.07751937984496124
0.07739938080495357
0.07727975270479134
0.07716049382716049
0.07704160246533127
0.07692307692307693
0.07680491551459294
0.07668711656441718
0.07656967840735068
0.0764525993883792
0.07633587786259542
0.07621951219512195
0.076103500761035
0.07750759878419453
0.07738998482549317
0.07727272727272727
0.07866868381240545
0.07854984894259819
0.0784313725490196
0.0783132530120482
0.07819548872180451
0.07807807807807808
0.07796101949025487
0.07784431137724551
0.07772795216741404
0.07761194029850746
0.07749627421758569
0.07738095238095238
0.07726597325408618
0.0771513353115727
0.07703703703703704
0.07692307692307693
0.07680945347119646
0.07669616519174041
0.07658321060382917
0.07647058823529412
0.0763582966226138
0.07624633431085044
0.07613469985358712
0.07602339181286549
0.07591240875912408
0.07580174927113703
0.07569141193595343
0.0755813953488372
0.07547169811320754
0.07536231884057971
0.07525325615050651
0.07514450867052024
0.07503607503607504
0.07492795389048991
0.07482014388489208
0.07471264367816093
0.0746054519368723
0.07449856733524356
0.07439198855507868
0.07428571428571429
0.07417974322396577
0.07407407407407407
0.07396870554765292
0.07386363636363637
0.07375886524822695
0.07365439093484419
0.07355021216407355
0.07344632768361582
0.07334273624823695
0.07323943661971831
0.07313642756680731
0.07303370786516854
0.0729312762973352
0.07282913165266107
0.07272727272727272
0.07262569832402235
0.07252440725244072
0.07242339832869081
0.07232267037552156
0.07222222222222222
0.07212205270457697
0.07202216066481995
0.07192254495159059
0.0718232044198895
0.07172413793103448
0.07162534435261708
0.07152682255845942
0.07142857142857142
0.07133058984910837
0.07123287671232877
0.07113543091655267
0.07103825136612021
0.07094133697135062
0.07084468664850137
0.0707482993197279
0.07065217391304347
0.07055630936227951
0.07046070460704607
0.07036535859269283
0.07027027027027027
0.07017543859649122
0.07008086253369272
0.06998654104979811
0.06989247311827956
0.0697986577181208
0.06970509383378017
0.06961178045515395
0.06951871657754011
0.06942590120160214
0.06933333333333333
0.0692410119840213
0.06914893617021277
0.06905710491367861
0.06896551724137931
0.06887417218543046
0.06878306878306878
0.06869220607661823
0.06860158311345646
0.06851119894598155
0.06842105263157895
0.0683311432325887
0.06824146981627296
0.06815203145478375
0.06806282722513089
0.06797385620915032
0.06788511749347259
0.06779661016949153
0.06770833333333333
0.06892067620286085
0.06883116883116883
0.06874189364461739
0.06865284974093264
0.0685640362225097
0.06847545219638243
0.06838709677419355
0.06829896907216494
0.0682110682110682
0.06812339331619537
0.06803594351732992
0.06794871794871794
0.0678617157490397
0.06777493606138107
0.06768837803320563
0.06760204081632654
0.06751592356687898
0.06743002544529263
0.06734434561626429
0.06725888324873096
0.06717363751584284
0.0670886075949367
0.06700379266750948
0.06691919191919192
0.06683480453972257
0.06675062972292191
0.06666666666666667
0.06658291457286432
0.06649937264742785
0.06641604010025062
0.06633291614518148
0.06625
0.066167290886392
0.06608478802992519
0.0660024906600249
0.06592039800995025
0.06583850931677018
0.06575682382133995
0.06567534076827757
0.0655940594059406
0.06551297898640297
0.0654320987654321
0.06535141800246609
0.06527093596059114
0.06519065190651907
0.06511056511056511
0.06503067484662577
0.06495098039215687
0.06487148102815178
0.0647921760391198
0.06471306471306472
0.06463414634146342
0.06455542021924482
0.06447688564476886
0.06439854191980558
0.06432038834951456
0.06424242424242424
0.06416464891041163
0.06408706166868199
0.0640096618357488
0.06393244873341375
0.06385542168674699
0.06377858002406739
0.06370192307692307
0.06362545018007203
0.06354916067146282
0.06347305389221557
0.06339712918660287
0.06332138590203107
0.06324582338902147
0.0631704410011919
0.0630952380952381
0.06302021403091558
0.06294536817102138
0.06287069988137604
0.06279620853080568
0.06272189349112427
0.06264775413711583
0.06257378984651712
0.0625
0.0624263839811543
0.06235294117647059
0.06227967097532315
0.062206572769953054
0.06213364595545135
0.06206088992974239
0.06198830409356725
0.06191588785046729
0.061843640606767794
0.06177156177156177
0.06169965075669383
0.06162790697674419
0.06155632984901278
0.06148491879350348
0.06141367323290846
0.061342592592592594
0.06127167630057803
0.061200923787528866
0.06113033448673587
0.06105990783410138
0.06098964326812428
0.06091954022988506
0.060849598163030996
0.06077981651376147
0.06071019473081329
0.06064073226544622
0.060571428571428575
0.06050228310502283
0.06043329532497149
0.06036446469248292
0.06029579067121729
0.060227272727272727
0.060158910329171394
0.060090702947845805
0.06002265005662514
0.05995475113122172
0.059887005649717516
0.05981941309255079
0.05975197294250282
0.059684684684684686
0.05961754780652419
0.05955056179775281
0.05948372615039282
0.05941704035874439
0.0593505039193729
0.0592841163310962
0.05921787709497207
0.05915178571428571
0.059085841694537344
0.05902004454342984
0.058954393770856504
0.058888888888888886
0.058823529411764705
0.058758314855875834
0.058693244739756366
0.0586283185840708
0.05856353591160221
0.05849889624724062
0.05843439911797133
0.05837004405286344
0.058305830583058306
0.05824175824175824
0.05817782656421515
0.0581140350877193
0.05805038335158817
0.05798687089715536
0.05792349726775956
0.05786026200873363
0.05779716466739367
0.05773420479302832
0.05767138193688792
0.057608695652173914
0.05754614549402823
0.057483731019522775
0.05742145178764897
0.05735930735930736
0.057297297297297295
0.05723542116630669
0.05717367853290183
0.057112068965517244
0.05705059203444564
0.05698924731182796
0.05692803437164339
0.05686695278969957
0.05680600214362272
0.056745182012847964
0.05668449197860963
0.056623931623931624
0.05656350053361793
0.05650319829424307
0.05644302449414271
0.05638297872340425
0.0563230605738576
0.05626326963906582
0.05620360551431601
0.05614406779661017
0.056084656084656084
0.056025369978858354
0.0559662090813094
0.05590717299578059
0.05584826132771338
0.05578947368421053
0.05573080967402734
0.05567226890756303
0.055613850996852045
0.05555555555555555
0.05549738219895288
0.05543933054393305
0.055381400208986416
0.055323590814196244
0.05526590198123045
0.05520833333333333
0.055150884495317375
0.0550935550935551
0.055036344755970926
0.054979253112033194
0.054922279792746116
0.054865424430641824
0.05480868665977249
0.05475206611570248
0.054695562435500514
0.05463917525773196
0.05458290422245108
0.05452674897119342
0.05447070914696814
0.054414784394250515
0.05435897435897436
0.05430327868852459
0.05424769703172978
0.0541922290388548
0.054136874361593465
0.05408163265306123
0.05402650356778797
0.0539714867617108
0.05391658189216684
0.05386178861788618
0.05380710659898477
0.0537525354969574
0.05369807497467072
0.053643724696356275
0.05358948432760364
0.05353535353535353
0.05348133198789102
0.05342741935483871
0.05337361530715005
0.05331991951710262
0.053266331658291456
0.05321285140562249
0.05315947843530592
0.0531062124248497
0.05305305305305305
0.053
0.0
0.012658227848101266
0.012658227848101266
0.02531645569620253
0.02531645569620253
0.02531645569620253
0.0379746835443038
0.05063291139240506
0.06329113924050633
0.06329113924050633
0.06329113924050633
0.06329113924050633
0.06329113924050633
0.06329113924050633
0.06329113924050633
0.0759493670886076
0.0759493670886076
0.08860759493670886
0.10126582278481013
0.10126582278481013
0.10126582278481013
0.11392405063291139
0.12658227848101267
0.13924050632911392
0.13924050632911392
0.1518987341772152
0.1518987341772152
0.1518987341772152
0.16455696202531644
0.16455696202531644
0.16455696202531644
0.16455696202531644
0.17721518987341772
0.17721518987341772
0.17721518987341772
0.17721518987341772
0.17721518987341772
0.189873417721519
0.189873417721519
0.189873417721519
0.20253164556962025
0.21518987341772153
0.21518987341772153
0.21518987341772153
0.21518987341772153
0.21518987341772153
0.21518987341772153
0.21518987341772153
0.21518987341772153
0.21518987341772153
0.21518987341772153
0.21518987341772153
0.22784810126582278
0.24050632911392406
0.24050632911392406
0.24050632911392406
0.24050632911392406
0.24050632911392406
0.25316455696202533
0.25316455696202533
0.25316455696202533
0.25316455696202533
0.25316455696202533
0.25316455696202533
0.25316455696202533
0.25316455696202533
0.25316455696202533
0.25316455696202533
0.26582278481012656
0.26582278481012656
0.26582278481012656
0.26582278481012656
0.26582278481012656
0.26582278481012656
0.26582278481012656
0.26582278481012656
0.26582278481012656
0.26582278481012656
0.26582278481012656
0.26582278481012656
0.26582278481012656
0.26582278481012656
0.26582278481012656
0.27848101265822783
0.27848101265822783
0.27848101265822783
0.2911392405063291
0.2911392405063291
0.2911392405063291
0.2911392405063291
0.2911392405063291
0.2911392405063291
0.2911392405063291
0.2911392405063291
0.2911392405063291
0.3037974683544304
0.3037974683544304
0.3037974683544304
0.3037974683544304
0.3037974683544304
0.3037974683544304
0.3037974683544304
0.3037974683544304
0.3037974683544304
0.3037974683544304
0.3037974683544304
0.3037974683544304
0.3037974683544304
0.3037974683544304
0.31645569620253167
0.31645569620253167
0.31645569620253167
0.31645569620253167
0.31645569620253167
0.31645569620253167
0.31645569620253167
0.31645569620253167
0.31645569620253167
0.31645569620253167
0.31645569620253167
0.31645569620253167
0.31645569620253167
0.31645569620253167
0.31645569620253167
0.31645569620253167
0.31645569620253167
0.31645569620253167
0.31645569620253167
0.31645569620253167
0.31645569620253167
0.31645569620253167
0.31645569620253167
0.31645569620253167
0.31645569620253167
0.31645569620253167
0.31645569620253167
0.31645569620253167
0.31645569620253167
0.31645569620253167
0.31645569620253167
0.31645569620253167
0.31645569620253167
0.31645569620253167
0.31645569620253167
0.31645569620253167
0.3291139240506329
0.3291139240506329
0.3291139240506329
0.3291139240506329
0.3291139240506329
0.3291139240506329
0.3291139240506329
0.3291139240506329
0.3291139240506329
0.3291139240506329
0.3291139240506329
0.3291139240506329
0.3291139240506329
0.3291139240506329
0.3291139240506329
0.3291139240506329
0.3291139240506329
0.3291139240506329
0.3291139240506329
0.3291139240506329
0.3291139240506329
0.3291139240506329
0.3291139240506329
0.3291139240506329
0.3291139240506329
0.3291139240506329
0.3291139240506329
0.3291139240506329
0.3291139240506329
0.3291139240506329
0.3291139240506329
0.3291139240506329
0.3291139240506329
0.3291139240506329
0.3291139240506329
0.3291139240506329
0.3291139240506329
0.34177215189873417
0.34177215189873417
0.35443037974683544
0.35443037974683544
0.35443037974683544
0.35443037974683544
0.35443037974683544
0.35443037974683544
0.35443037974683544
0.35443037974683544
0.35443037974683544
0.35443037974683544
0.35443037974683544
0.35443037974683544
0.35443037974683544
0.35443037974683544
0.35443037974683544
0.35443037974683544
0.3670886075949367
0.3670886075949367
0.3670886075949367
0.3670886075949367
0.3670886075949367
0.3670886075949367
0.379746835443038
0.379746835443038
0.379746835443038
0.379746835443038
0.379746835443038
0.379746835443038
0.379746835443038
0.379746835443038
0.379746835443038
0.379746835443038
0.379746835443038
0.379746835443038
0.3924050632911392
0.3924050632911392
0.3924050632911392
0.3924050632911392
0.3924050632911392
0.3924050632911392
0.4050632911392405
0.4177215189873418
0.43037974683544306
0.43037974683544306
0.43037974683544306
0.43037974683544306
0.43037974683544306
0.43037974683544306
0.43037974683544306
0.43037974683544306
0.43037974683544306
0.43037974683544306
0.43037974683544306
0.43037974683544306
0.43037974683544306
0.43037974683544306
0.43037974683544306
0.43037974683544306
0.43037974683544306
0.43037974683544306
0.43037974683544306
0.43037974683544306
0.43037974683544306
0.43037974683544306
0.43037974683544306
0.43037974683544306
0.4430379746835443
0.4430379746835443
0.45569620253164556
0.45569620253164556
0.45569620253164556
0.45569620253164556
0.45569620253164556
0.45569620253164556
0.45569620253164556
0.45569620253164556
0.45569620253164556
0.45569620253164556
0.45569620253164556
0.46835443037974683
0.46835443037974683
0.46835443037974683
0.46835443037974683
0.46835443037974683
0.46835443037974683
0.46835443037974683
0.46835443037974683
0.46835443037974683
0.46835443037974683
0.46835443037974683
0.46835443037974683
0.46835443037974683
0.46835443037974683
0.46835443037974683
0.46835443037974683
0.46835443037974683
0.46835443037974683
0.46835443037974683
0.46835443037974683
0.46835443037974683
0.46835443037974683
0.46835443037974683
0.46835443037974683
0.46835443037974683
0.46835443037974683
0.46835443037974683
0.46835443037974683
0.46835443037974683
0.46835443037974683
0.46835443037974683
0.46835443037974683
0.46835443037974683
0.46835443037974683
0.46835443037974683
0.46835443037974683
0.46835443037974683
0.46835443037974683
0.46835443037974683
0.46835443037974683
0.46835443037974683
0.4810126582278481
0.4936708860759494
0.4936708860759494
0.4936708860759494
0.4936708860759494
0.4936708860759494
0.4936708860759494
0.5063291139240507
0.5063291139240507
0.5063291139240507
0.5063291139240507
0.5063291139240507
0.5063291139240507
0.5063291139240507
0.5063291139240507
0.5063291139240507
0.5063291139240507
0.5063291139240507
0.5063291139240507
0.5063291139240507
0.5063291139240507
0.5063291139240507
0.5063291139240507
0.5063291139240507
0.5189873417721519
0.5189873417721519
0.5189873417721519
0.5189873417721519
0.5189873417721519
0.5189873417721519
0.5189873417721519
0.5189873417721519
0.5189873417721519
0.5189873417721519
0.5189873417721519
0.5189873417721519
0.5189873417721519
0.5189873417721519
0.5189873417721519
0.5189873417721519
0.5189873417721519
0.5189873417721519
0.5189873417721519
0.5189873417721519
0.5189873417721519
0.5189873417721519
0.5189873417721519
0.5189873417721519
0.5189873417721519
0.5189873417721519
0.5189873417721519
0.5189873417721519
0.5189873417721519
0.5316455696202531
0.5316455696202531
0.5316455696202531
0.5316455696202531
0.5316455696202531
0.5316455696202531
0.5316455696202531
0.5316455696202531
0.5316455696202531
0.5316455696202531
0.5316455696202531
0.5316455696202531
0.5316455696202531
0.5316455696202531
0.5443037974683544
0.5443037974683544
0.5443037974683544
0.5443037974683544
0.5443037974683544
0.5443037974683544
0.5443037974683544
0.5443037974683544
0.5443037974683544
0.5443037974683544
0.5443037974683544
0.5443037974683544
0.5443037974683544
0.5443037974683544
0.5443037974683544
0.5443037974683544
0.5443037974683544
0.5443037974683544
0.5443037974683544
0.5443037974683544
0.5443037974683544
0.5443037974683544
0.5443037974683544
0.5443037974683544
0.5443037974683544
0.5443037974683544
0.5569620253164557
0.569620253164557
0.569620253164557
0.569620253164557
0.569620253164557
0.569620253164557
0.569620253164557
0.569620253164557
0.569620253164557
0.569620253164557
0.569620253164557
0.569620253164557
0.569620253164557
0.569620253164557
0.569620253164557
0.569620253164557
0.569620253164557
0.569620253164557
0.569620253164557
0.569620253164557
0.569620253164557
0.569620253164557
0.569620253164557
0.569620253164557
0.569620253164557
0.569620253164557
0.569620253164557
0.569620253164557
0.569620253164557
0.569620253164557
0.569620253164557
0.569620253164557
0.569620253164557
0.569620253164557
0.569620253164557
0.569620253164557
0.569620253164557
0.569620253164557
0.569620253164557
0.569620253164557
0.569620253164557
0.569620253164557
0.569620253164557
0.569620253164557
0.569620253164557
0.569620253164557
0.569620253164557
0.569620253164557
0.569620253164557
0.569620253164557
0.569620253164557
0.569620253164557
0.569620253164557
0.569620253164557
0.569620253164557
0.569620253164557
0.569620253164557
0.569620253164557
0.569620253164557
0.569620253164557
0.569620253164557
0.569620253164557
0.569620253164557
0.569620253164557
0.569620253164557
0.569620253164557
0.569620253164557
0.569620253164557
0.569620253164557
0.569620253164557
0.569620253164557
0.569620253164557
0.569620253164557
0.569620253164557
0.569620253164557
0.569620253164557
0.569620253164557
0.569620253164557
0.569620253164557
0.569620253164557
0.569620253164557
0.569620253164557
0.569620253164557
0.569620253164557
0.569620253164557
0.569620253164557
0.569620253164557
0.569620253164557
0.569620253164557
0.569620253164557
0.569620253164557
0.569620253164557
0.569620253164557
0.569620253164557
0.569620253164557
0.569620253164557
0.569620253164557
0.569620253164557
0.569620253164557
0.569620253164557
0.5822784810126582
0.5822784810126582
0.5822784810126582
0.5822784810126582
0.5822784810126582
0.5822784810126582
0.5822784810126582
0.5822784810126582
0.5822784810126582
0.5949367088607594
0.5949367088607594
0.5949367088607594
0.5949367088607594
0.5949367088607594
0.5949367088607594
0.5949367088607594
0.5949367088607594
0.5949367088607594
0.5949367088607594
0.5949367088607594
0.5949367088607594
0.5949367088607594
0.5949367088607594
0.5949367088607594
0.5949367088607594
0.5949367088607594
0.5949367088607594
0.5949367088607594
0.5949367088607594
0.5949367088607594
0.5949367088607594
0.5949367088607594
0.5949367088607594
0.5949367088607594
0.5949367088607594
0.5949367088607594
0.5949367088607594
0.5949367088607594
0.5949367088607594
0.5949367088607594
0.5949367088607594
0.5949367088607594
0.5949367088607594
0.5949367088607594
0.5949367088607594
0.6075949367088608
0.6075949367088608
0.6075949367088608
0.6075949367088608
0.6075949367088608
0.6075949367088608
0.6075949367088608
0.6075949367088608
0.6075949367088608
0.6075949367088608
0.6075949367088608
0.6075949367088608
0.6075949367088608
0.6075949367088608
0.6075949367088608
0.6075949367088608
0.6075949367088608
0.6075949367088608
0.6075949367088608
0.6075949367088608
0.6075949367088608
0.6075949367088608
0.6075949367088608
0.6075949367088608
0.6075949367088608
0.6075949367088608
0.6075949367088608
0.6075949367088608
0.6075949367088608
0.6075949367088608
0.6075949367088608
0.6075949367088608
0.6075949367088608
0.6075949367088608
0.6075949367088608
0.6075949367088608
0.620253164556962
0.6329113924050633
0.6329113924050633
0.6329113924050633
0.6329113924050633
0.6329113924050633
0.6329113924050633
0.6329113924050633
0.6329113924050633
0.6329113924050633
0.6329113924050633
0.6329113924050633
0.6329113924050633
0.6329113924050633
0.6329113924050633
0.6329113924050633
0.6329113924050633
0.6329113924050633
0.6329113924050633
0.6329113924050633
0.6329113924050633
0.6329113924050633
0.6329113924050633
0.6329113924050633
0.6329113924050633
0.6329113924050633
0.6329113924050633
0.6329113924050633
0.6329113924050633
0.6329113924050633
0.6329113924050633
0.6329113924050633
0.6329113924050633
0.6329113924050633
0.6329113924050633
0.6329113924050633
0.6329113924050633
0.6329113924050633
0.6329113924050633
0.6329113924050633
0.6329113924050633
0.6329113924050633
0.6329113924050633
0.6329113924050633
0.6329113924050633
0.6329113924050633
0.6329113924050633
0.6329113924050633
0.6329113924050633
0.6329113924050633
0.6329113924050633
0.6329113924050633
0.6329113924050633
0.6329113924050633
0.6329113924050633
0.6329113924050633
0.6329113924050633
0.6329113924050633
0.6329113924050633
0.6329113924050633
0.6329113924050633
0.6329113924050633
0.6329113924050633
0.6329113924050633
0.6329113924050633
0.6329113924050633
0.6329113924050633
0.6329113924050633
0.6329113924050633
0.6329113924050633
0.6329113924050633
0.6329113924050633
0.6329113924050633
0.6329113924050633
0.6329113924050633
0.6329113924050633
0.6329113924050633
0.6329113924050633
0.6329113924050633
0.6455696202531646
0.6455696202531646
0.6455696202531646
0.6582278481012658
0.6582278481012658
0.6582278481012658
0.6582278481012658
0.6582278481012658
0.6582278481012658
0.6582278481012658
0.6582278481012658
0.6582278481012658
0.6582278481012658
0.6582278481012658
0.6582278481012658
0.6582278481012658
0.6582278481012658
0.6582278481012658
0.6582278481012658
0.6582278481012658
0.6582278481012658
0.6582278481012658
0.6582278481012658
0.6582278481012658
0.6582278481012658
0.6582278481012658
0.6582278481012658
0.6582278481012658
0.6582278481012658
0.6582278481012658
0.6582278481012658
0.6582278481012658
0.6582278481012658
0.6582278481012658
0.6582278481012658
0.6582278481012658
0.6582278481012658
0.6582278481012658
0.6582278481012658
0.6582278481012658
0.6582278481012658
0.6582278481012658
0.6582278481012658
0.6582278481012658
0.6582278481012658
0.6582278481012658
0.6582278481012658
0.6582278481012658
0.6582278481012658
0.6582278481012658
0.6582278481012658
0.6582278481012658
0.6582278481012658
0.6582278481012658
0.6582278481012658
0.6582278481012658
0.6582278481012658
0.6582278481012658
0.6582278481012658
0.6582278481012658
0.6582278481012658
0.6582278481012658
0.6582278481012658
0.6582278481012658
0.6582278481012658
0.6582278481012658
0.6582278481012658
0.6582278481012658
0.6582278481012658
0.6582278481012658
0.6582278481012658
0.6582278481012658
0.6582278481012658
0.6582278481012658
0.6582278481012658
0.6582278481012658
0.6582278481012658
0.6582278481012658
0.6582278481012658
0.6582278481012658
0.6582278481012658
0.6582278481012658
0.6582278481012658
0.6582278481012658
0.6582278481012658
0.6582278481012658
0.6582278481012658
0.6582278481012658
0.6582278481012658
0.6582278481012658
0.6582278481012658
0.6582278481012658
0.6582278481012658
0.6582278481012658
0.6582278481012658
0.6582278481012658
0.6582278481012658
0.6582278481012658
0.6582278481012658
0.6582278481012658
0.6582278481012658
0.6582278481012658
0.6582278481012658
0.6582278481012658
0.6582278481012658
0.6582278481012658
0.6582278481012658
0.6582278481012658
0.6582278481012658
0.6582278481012658
0.6582278481012658
0.6708860759493671
0.6708860759493671
0.6708860759493671
0.6708860759493671
0.6708860759493671
0.6708860759493671
0.6708860759493671
0.6708860759493671
0.6708860759493671
0.6708860759493671
0.6708860759493671
0.6708860759493671
0.6708860759493671
0.6708860759493671
0.6708860759493671
0.6708860759493671
0.6708860759493671
0.6708860759493671
0.6708860759493671
0.6708860759493671
0.6708860759493671
0.6708860759493671
0.6708860759493671
0.6708860759493671
0.6708860759493671
0.6708860759493671
0.6708860759493671
0.6708860759493671
0.6708860759493671
0.6708860759493671
0.6708860759493671
0.6708860759493671
0.6708860759493671
0.6708860759493671
0.6708860759493671
0.6708860759493671
0.6708860759493671
0.6708860759493671
0.6708860759493671
0.6708860759493671
0.6708860759493671
0.6708860759493671
0.6708860759493671
0.6708860759493671
0.6708860759493671
0.6708860759493671
0.6708860759493671
0.6708860759493671
0.6708860759493671
0.6708860759493671
0.6708860759493671
0.6708860759493671
0.6708860759493671
0.6708860759493671
0.6708860759493671
0.6708860759493671
0.6708860759493671
0.6708860759493671
0.6708860759493671
0.6708860759493671
0.6708860759493671
0.6708860759493671
0.6708860759493671
0.6708860759493671
0.6708860759493671
0.6708860759493671
0.6708860759493671
0.6708860759493671
0.6708860759493671
0.6708860759493671
0.6708860759493671
0.6708860759493671
0.6708860759493671
0.6708860759493671
0.6708860759493671
0.6708860759493671
0.6708860759493671
0.6708860759493671
0.6708860759493671
0.6708860759493671
0.6708860759493671
0.6708860759493671
0.6708860759493671
0.6708860759493671
0.6708860759493671
0.6708860759493671
0.6708860759493671
0.6708860759493671
0.6708860759493671
0.6708860759493671
0.6708860759493671
0.6708860759493671
0.6708860759493671
0.6708860759493671
0.6708860759493671
0.6708860759493671
0.6708860759493671
0.6708860759493671
0.6708860759493671
0.6708860759493671
0.6708860759493671
0.6708860759493671
0.6708860759493671
0.6708860759493671
0.6708860759493671
0.6708860759493671
0.6708860759493671
0.6708860759493671
0.6708860759493671
0.6708860759493671
0.6708860759493671
0.6708860759493671
0.6708860759493671
0.6708860759493671
0.6708860759493671
0.6708860759493671
0.6708860759493671
0.6708860759493671
0.6708860759493671
0.6708860759493671
0.6708860759493671
0.6708860759493671
0.6708860759493671
0.6708860759493671
0.6708860759493671
0.6708860759493671
0.6708860759493671
0.6708860759493671
0.6708860759493671
0.6708860759493671
0.6708860759493671
0.6708860759493671
0.6708860759493671
0.6708860759493671
0.6708860759493671
0.6708860759493671
0.6708860759493671
0.6708860759493671
0.6708860759493671
0.6708860759493671
0.6708860759493671
0.6708860759493671
0.6708860759493671
0.6708860759493671
0.6708860759493671
0.6708860759493671
0.6708860759493671
0.6708860759493671
0.6708860759493671
0.6708860759493671
0.6708860759493671
0.6708860759493671
0.6708860759493671
0.6708860759493671
0.6708860759493671
0.6708860759493671
0.6708860759493671
0.6708860759493671
0.6708860759493671
0.6708860759493671
0.6708860759493671
0.6708860759493671
0.6708860759493671
0.6708860759493671
0.6708860759493671
0.6708860759493671
0.6708860759493671
0.6708860759493671
0.6708860759493671
0.6708860759493671
0.6708860759493671
0.6708860759493671
0.6708860759493671
0.6708860759493671
0.6708860759493671
0.6708860759493671
0.6708860759493671
0.6708860759493671
0.6708860759493671
0.6708860759493671
0.6708860759493671
0.6708860759493671
0.6708860759493671
0.6708860759493671
0.6708860759493671
0.6708860759493671
0.6708860759493671
0.6708860759493671
0.6708860759493671
0.6708860759493671
0.6708860759493671
0.6708860759493671
0.6708860759493671
0.6708860759493671
0.6708860759493671
0.6708860759493671
0.6708860759493671
0.6708860759493671
0.6708860759493671
0.6708860759493671
0.6708860759493671
0.6708860759493671
0.6708860759493671
0.6708860759493671
0.6708860759493671
0.6708860759493671
0.6708860759493671
0.6708860759493671
0.6708860759493671
0.6708860759493671
0.6708860759493671
0.6708860759493671
0.6708860759493671
0.6708860759493671
0.6708860759493671
0.6708860759493671
0.6708860759493671
0.6708860759493671
0.6708860759493671
0.6708860759493671
0.6708860759493671
0.6708860759493671
0.6708860759493671
0.6708860759493671
0.6708860759493671
0.6708860759493671
0.6708860759493671
0.6708860759493671
0.6708860759493671
0.6708860759493671
0.6708860759493671
0.6708860759493671